window ticks 1984->2560 wall 25.22 s (units: 10 ms per state)
--- cpu0 freq_Hz delta_10ms
384000 0
556800 0
748800 0
960000 0
1152000 0
1363200 0
1555200 0
1785600 562
1996800 46
2227200 25
2400000 13
2745600 19
2918400 5
3072000 4
3321600 6
3532800 1842
--- cpu1 freq_Hz delta_10ms
384000 0
556800 0
748800 0
960000 0
1152000 0
1363200 0
1555200 0
1785600 566
1996800 46
2227200 25
2400000 13
2745600 19
2918400 5
3072000 4
3321600 6
3532800 1838
--- cpu2 freq_Hz delta_10ms
384000 0
556800 0
748800 0
960000 0
1152000 0
1363200 0
1555200 0
1785600 569
1996800 46
2227200 26
2400000 13
2745600 19
2918400 5
3072000 4
3321600 6
3532800 1835
--- cpu3 freq_Hz delta_10ms
384000 0
556800 0
748800 0
960000 0
1152000 0
1363200 0
1555200 0
1785600 573
1996800 47
2227200 26
2400000 13
2745600 19
2918400 5
3072000 4
3321600 6
3532800 1831
--- cpu4 freq_Hz delta_10ms
384000 0
556800 0
748800 0
960000 0
1152000 0
1363200 0
1555200 0
1785600 576
1996800 47
2227200 26
2400000 13
2745600 19
2918400 5
3072000 4
3321600 6
3532800 1827
--- cpu5 freq_Hz delta_10ms
384000 0
556800 0
748800 0
960000 0
1152000 0
1363200 0
1555200 0
1785600 578
1996800 47
2227200 26
2400000 13
2745600 19
2918400 5
3072000 4
3321600 7
3532800 1824
--- cpu6 freq_Hz delta_10ms
1017600 0
1209600 0
1401600 0
1689600 0
1958400 0
2246400 110
2438400 16
2649600 43
2841600 30
3072000 55
3283200 27
3513600 41
3801600 733
4089600 660
4204800 126
4320000 679
--- cpu7 freq_Hz delta_10ms
1017600 0
1209600 0
1401600 0
1689600 0
1958400 0
2246400 111
2438400 16
2649600 43
2841600 30
3072000 55
3283200 27
3513600 41
3801600 733
4089600 659
4204800 127
4320000 679
gpu_freqs: 1100000000 1050000000 967000000 900000000 832000000 734000000 660000000 607000000 525000000 443000000 389000000 342000000 222000000 160000000
gpu_clock_stats_delta: 0 0 0 0 0 0 14644243 0 0 0 0 0 0 0
