window ticks 1985->2565 wall 23.47 s (units: 10 ms per state)
--- cpu0 freq_Hz delta_10ms
384000 0
556800 0
748800 0
960000 0
1152000 0
1363200 0
1555200 0
1785600 669
1996800 36
2227200 18
2400000 9
2745600 12
2918400 5
3072000 4
3321600 2
3532800 1584
--- cpu1 freq_Hz delta_10ms
384000 0
556800 0
748800 0
960000 0
1152000 0
1363200 0
1555200 0
1785600 674
1996800 36
2227200 18
2400000 9
2745600 12
2918400 5
3072000 4
3321600 2
3532800 1580
--- cpu2 freq_Hz delta_10ms
384000 0
556800 0
748800 0
960000 0
1152000 0
1363200 0
1555200 0
1785600 676
1996800 37
2227200 18
2400000 9
2745600 12
2918400 5
3072000 4
3321600 3
3532800 1576
--- cpu3 freq_Hz delta_10ms
384000 0
556800 0
748800 0
960000 0
1152000 0
1363200 0
1555200 0
1785600 678
1996800 37
2227200 18
2400000 9
2745600 12
2918400 5
3072000 4
3321600 3
3532800 1573
--- cpu4 freq_Hz delta_10ms
384000 0
556800 0
748800 0
960000 0
1152000 0
1363200 0
1555200 0
1785600 681
1996800 37
2227200 18
2400000 10
2745600 12
2918400 5
3072000 4
3321600 3
3532800 1568
--- cpu5 freq_Hz delta_10ms
384000 0
556800 0
748800 0
960000 0
1152000 0
1363200 0
1555200 0
1785600 684
1996800 37
2227200 18
2400000 10
2745600 12
2918400 5
3072000 4
3321600 3
3532800 1564
--- cpu6 freq_Hz delta_10ms
1017600 0
1209600 0
1401600 0
1689600 0
1958400 0
2246400 128
2438400 22
2649600 42
2841600 37
3072000 44
3283200 32
3513600 38
3801600 497
4089600 666
4204800 138
4320000 692
--- cpu7 freq_Hz delta_10ms
1017600 0
1209600 0
1401600 0
1689600 0
1958400 0
2246400 128
2438400 22
2649600 42
2841600 38
3072000 45
3283200 32
3513600 38
3801600 498
4089600 665
4204800 139
4320000 691
gpu_freqs: 1100000000 1050000000 967000000 900000000 832000000 734000000 660000000 607000000 525000000 443000000 389000000 342000000 222000000 160000000
gpu_clock_stats_delta: 0 0 0 0 0 0 13790945 0 0 0 0 0 0 0
