# call tick seq S C-before G M A B P D; snapshot before C increment
1 41 10 6404704 0 0 1 0 112 0 0
2 44 39 6404704 1 0 1 0 112 0 112
3 45 61 6404704 2 0 1 0 112 0 112
4 46 83 6404704 3 0 1 0 112 0 112
5 47 105 6404704 4 0 1 0 112 0 112
6 48 127 6404704 5 0 1 0 112 0 112
7 49 149 6404704 6 0 1 0 112 0 112
8 50 171 6404704 7 0 1 0 112 0 112
9 51 193 6404704 8 0 1 0 112 0 112
10 52 215 6404704 9 0 1 0 112 0 112
11 53 237 6404704 10 0 1 0 112 0 112
12 54 259 6404704 11 0 1 0 112 0 112
13 55 281 6404704 12 0 1 0 112 0 112
14 56 303 6404704 13 0 1 0 112 0 112
15 57 325 6404704 14 0 1 0 112 0 112
16 58 347 6404704 15 0 1 0 112 0 112
17 59 369 6404704 16 0 1 0 112 0 112
18 60 391 6404704 17 0 1 0 112 0 112
19 61 413 6404704 18 0 1 0 112 0 112
20 62 435 6404704 19 0 1 0 112 0 112
21 63 457 6404704 20 0 1 0 112 0 112
22 64 479 6404704 21 0 1 0 112 0 112
23 65 501 6404704 22 0 1 0 112 0 112
24 66 523 6404704 23 0 1 0 112 0 112
25 67 545 6404704 24 0 1 0 112 0 112
26 68 567 6404704 25 0 1 0 112 0 112
27 69 589 6404704 26 0 1 0 112 0 112
28 70 611 6404704 27 0 1 0 112 0 112
29 71 633 6404704 28 0 1 0 112 0 112
30 72 655 6404704 29 0 1 0 112 0 112
31 73 677 6404704 30 0 1 0 112 0 112
32 74 699 6404704 31 0 1 0 112 0 112
33 75 721 6404704 32 0 1 0 112 0 112
34 76 743 6404704 33 0 1 0 112 0 112
35 77 765 6404704 34 0 1 0 112 0 112
36 78 787 6404704 35 0 1 0 112 0 112
37 79 809 6404704 36 0 1 0 112 0 112
38 80 831 6404704 37 0 1 0 112 0 112
39 81 872 6404704 38 0 1 0 112 0 112
40 82 894 6404704 39 0 1 0 112 0 112
41 83 916 6404704 40 0 1 0 112 0 112
42 84 938 6404704 41 0 1 0 112 0 112
43 85 960 6404704 42 0 1 0 112 0 112
44 86 982 6404704 43 0 1 0 112 0 112
45 87 1004 6404704 44 0 1 0 112 0 112
46 88 1026 6404704 45 0 1 0 112 0 112
47 89 1048 6404704 46 0 1 0 112 0 112
48 90 1070 6404704 47 0 1 0 112 0 112
49 91 1092 6404704 48 0 1 0 112 0 112
50 92 1114 6404704 49 0 1 0 112 0 112
51 93 1136 6404704 50 0 1 0 112 0 112
52 94 1158 6404704 51 0 1 0 112 0 112
53 95 1180 6404704 52 0 1 0 112 0 112
54 96 1209 6404704 53 0 1 0 112 0 112
55 97 1231 6404704 54 0 1 0 112 0 112
56 98 1253 6404704 55 0 1 0 112 0 112
57 99 1275 6404704 56 0 1 0 112 0 112
58 100 1297 6404704 57 0 1 0 112 0 112
59 101 1319 6404704 58 0 1 0 112 0 112
60 102 1341 6404704 59 0 1 0 112 0 112
61 103 1363 6404704 60 0 1 0 112 0 112
62 104 1385 6404704 61 0 1 0 112 0 112
63 105 1407 6404704 62 0 1 0 112 0 112
64 106 1429 6404704 63 0 1 0 112 0 112
65 107 1451 6404704 64 0 1 0 112 0 112
66 108 1473 6404704 65 0 1 0 112 0 112
67 109 1495 6404704 66 0 1 0 112 0 112
68 110 1517 6404704 67 0 1 0 112 0 112
69 111 1539 6404704 68 0 1 0 112 0 112
70 112 1561 6404704 69 0 1 0 112 0 112
71 113 1583 6404704 70 0 1 0 112 0 112
72 114 1605 6404704 71 0 1 0 112 0 112
73 115 1627 6404704 72 0 1 0 112 0 112
74 116 1649 6404704 73 0 1 0 112 0 112
75 117 1671 6404704 74 0 1 0 112 0 112
76 118 1693 6404704 75 0 1 0 112 0 112
77 119 1828 6404704 76 0 1 0 112 0 112
78 120 1878 6404704 77 0 1 0 112 0 112
79 121 1940 6404704 78 0 1 0 112 0 112
80 122 1979 6404704 79 0 1 0 112 0 112
81 123 2017 6404704 80 0 1 0 112 0 112
82 124 2059 6404704 81 0 1 0 112 0 112
83 125 2126 6404704 82 0 1 0 112 0 112
84 126 2165 6404704 83 0 1 0 112 0 112
85 127 2203 6404704 84 0 1 0 112 0 112
86 128 2245 6404704 85 0 1 0 112 0 112
87 129 2312 6404704 86 0 1 0 112 0 112
88 130 2351 6404704 87 0 1 0 112 0 112
89 131 2389 6404704 88 0 1 0 112 0 112
90 132 2431 6404704 89 0 1 0 112 0 112
91 133 2478 6404704 90 0 1 0 112 0 112
92 134 2510 6404704 91 0 1 0 112 0 112
93 135 2542 6404704 92 0 1 0 112 0 112
94 136 2574 6404704 93 0 1 0 112 0 112
95 137 2606 6404704 94 0 1 0 112 0 112
96 138 2638 6404704 95 0 1 0 112 0 112
97 139 2670 6404704 96 0 1 0 112 0 112
98 140 2702 6404704 97 0 1 0 112 0 112
99 141 2734 6404704 98 0 1 0 112 0 112
100 142 2766 6404704 99 0 1 0 112 0 112
101 143 2798 6404704 100 0 1 0 112 0 112
102 144 2830 6404704 101 0 1 0 112 0 112
103 145 2862 6404704 102 0 1 0 112 0 112
104 146 2894 6404704 103 0 1 0 112 0 112
105 147 2926 6404704 104 0 1 0 112 0 112
106 148 2958 6404704 105 0 1 0 112 0 112
107 149 2990 6404704 106 0 1 0 112 0 112
108 150 3022 6404704 107 0 1 0 112 0 112
109 151 3054 6404704 108 0 1 0 112 0 112
110 152 3086 6404704 109 0 1 0 112 0 112
111 153 3118 6404704 110 0 1 0 112 0 112
112 154 3150 6404704 111 0 1 0 112 0 112
113 155 3182 6404704 112 0 1 0 112 0 112
114 156 3214 6404704 113 0 1 0 112 0 112
115 157 3246 6404704 114 0 1 0 112 0 112
116 158 3278 6404704 115 0 1 0 112 0 112
117 159 3310 6404704 116 0 1 0 112 0 112
118 160 3342 6404704 117 0 1 0 112 0 112
119 161 3374 6404704 118 0 1 0 112 0 112
120 162 3406 6404704 119 0 1 0 112 0 112
121 163 3438 6404704 120 0 1 0 112 0 112
122 164 3470 6404704 121 0 1 0 112 0 112
123 165 3502 6404704 122 0 1 0 112 0 112
124 166 3534 6404704 123 0 1 0 112 0 112
125 167 3566 6404704 124 0 1 0 112 0 112
126 168 3598 6404704 125 0 1 0 112 0 112
127 169 3630 6404704 126 0 1 0 112 0 112
128 170 3662 6404704 127 0 1 0 112 0 112
129 171 3694 6404704 128 0 1 0 112 0 112
130 172 3726 6404704 129 0 1 0 112 0 112
131 173 3758 6404704 130 0 1 0 112 0 112
132 174 3790 6404704 131 0 1 0 112 0 112
133 175 3822 6404704 132 0 1 0 112 0 112
134 176 3854 6404704 133 0 1 0 112 0 112
135 177 3886 6404704 134 0 1 0 112 0 112
136 178 3918 6404704 135 0 1 0 112 0 112
137 179 3950 6404704 136 0 1 0 112 0 112
138 180 3982 6404704 137 0 1 0 112 0 112
139 181 4014 6404704 138 0 1 0 112 0 112
140 182 4046 6404704 139 0 1 0 112 0 112
141 183 4078 6404704 140 0 1 0 112 0 112
142 184 4110 6404704 141 0 1 0 112 0 112
143 185 4142 6404704 142 0 1 0 112 0 112
144 186 4174 6404704 143 0 1 0 112 0 112
145 187 4206 6404704 144 0 1 0 112 0 112
146 188 4238 6404704 145 0 1 0 112 0 112
147 189 4270 6404704 146 0 1 0 112 0 112
148 190 4302 6404704 147 0 1 0 112 0 112
149 191 4334 6404704 148 0 1 0 112 0 112
150 192 4366 6404704 149 0 1 0 112 0 112
151 193 4398 6404704 150 0 1 0 112 0 112
152 194 4430 6404704 151 0 1 0 112 0 112
153 195 4462 6404704 152 0 1 0 112 0 112
154 196 4494 6404704 153 0 1 0 112 0 112
155 197 4526 6404704 154 0 1 0 112 0 112
156 198 4558 6404704 155 0 1 0 112 0 112
157 199 4590 6404704 156 0 1 0 112 0 112
158 200 4622 6404704 157 0 1 0 112 0 112
159 201 4654 6404704 158 0 1 0 112 0 112
160 202 4686 6404704 159 0 1 0 112 0 112
161 203 4718 6404704 160 0 1 0 112 0 112
162 204 4750 6404704 161 0 1 0 112 0 112
163 205 4782 6404704 162 0 1 0 112 0 112
164 206 4814 6404704 163 0 1 0 112 0 112
165 207 4846 6404704 164 0 1 0 112 0 112
166 208 4878 6404704 165 0 1 0 112 0 112
167 209 4910 6404704 166 0 1 0 112 0 112
168 210 4942 6404704 167 0 1 0 112 0 112
169 211 4974 6404704 168 0 1 0 112 0 112
170 212 5006 6404704 169 0 1 0 112 0 112
171 213 5038 6404704 170 0 1 0 112 0 112
172 214 5070 6404704 171 0 1 0 112 0 112
173 215 5102 6404704 172 0 1 0 112 0 112
174 216 5134 6404704 173 0 1 0 112 0 112
175 217 5166 6404704 174 0 1 0 112 0 112
176 218 5198 6404704 175 0 1 0 112 0 112
177 219 5230 6404704 176 0 1 0 112 0 112
178 220 5262 6404704 177 0 1 0 112 0 112
179 221 5294 6404704 178 0 1 0 112 0 112
180 222 5326 6404704 179 0 1 0 112 0 112
181 223 5358 6404704 180 0 1 0 112 0 112
182 224 5414 6404704 181 0 1 0 112 0 112
183 225 5470 6404704 182 0 1 0 112 0 112
184 226 5538 6404704 183 0 1 0 112 0 112
185 227 5592 6404704 184 0 1 0 112 0 112
186 228 5645 6404704 185 0 1 0 112 0 112
187 229 5702 6404704 186 0 1 0 112 0 112
188 230 5758 6404704 187 0 1 0 112 0 112
189 231 5807 6404704 188 0 1 0 112 0 112
190 232 5837 6404704 189 0 1 0 112 0 112
191 233 5867 6404704 190 0 1 0 112 0 112
192 234 5897 6404704 191 0 1 0 112 0 112
193 235 5927 6404704 192 0 1 0 112 0 112
194 236 5957 6404704 193 0 1 0 112 0 112
195 237 5987 6404704 194 0 1 0 112 0 112
196 238 6017 6404704 195 0 1 0 112 0 112
197 239 6047 6404704 196 0 1 0 112 0 112
198 240 6077 6404704 197 0 1 0 112 0 112
199 241 6107 6404704 198 0 1 0 112 0 112
200 242 6137 6404704 199 0 1 0 112 0 112
201 243 6167 6404704 200 0 1 0 112 0 112
202 244 6197 6404704 201 0 1 0 112 0 112
203 245 6227 6404704 202 0 1 0 112 0 112
204 246 6257 6404704 203 0 1 0 112 0 112
205 247 6287 6404704 204 0 1 0 112 0 112
206 248 6317 6404704 205 0 1 0 112 0 112
# E13 BURST SERIES TAIL COMPLETE
