window ticks 1927->2561 wall 25.63 s (units: 10 ms per state)
--- cpu0 freq_Hz delta_10ms
384000 0
556800 0
748800 0
960000 0
1152000 0
1363200 0
1555200 0
1785600 96
1996800 21
2227200 12
2400000 6
2745600 9
2918400 4
3072000 1
3321600 1
3532800 2415
--- cpu1 freq_Hz delta_10ms
384000 0
556800 0
748800 0
960000 0
1152000 0
1363200 0
1555200 0
1785600 100
1996800 21
2227200 12
2400000 6
2745600 9
2918400 4
3072000 1
3321600 1
3532800 2412
--- cpu2 freq_Hz delta_10ms
384000 0
556800 0
748800 0
960000 0
1152000 0
1363200 0
1555200 0
1785600 101
1996800 22
2227200 13
2400000 6
2745600 9
2918400 4
3072000 1
3321600 1
3532800 2409
--- cpu3 freq_Hz delta_10ms
384000 0
556800 0
748800 0
960000 0
1152000 0
1363200 0
1555200 0
1785600 105
1996800 22
2227200 13
2400000 6
2745600 9
2918400 4
3072000 1
3321600 1
3532800 2406
--- cpu4 freq_Hz delta_10ms
384000 0
556800 0
748800 0
960000 0
1152000 0
1363200 0
1555200 0
1785600 108
1996800 22
2227200 13
2400000 6
2745600 9
2918400 4
3072000 1
3321600 1
3532800 2403
--- cpu5 freq_Hz delta_10ms
384000 0
556800 0
748800 0
960000 0
1152000 0
1363200 0
1555200 0
1785600 109
1996800 23
2227200 13
2400000 6
2745600 9
2918400 4
3072000 1
3321600 1
3532800 2401
--- cpu6 freq_Hz delta_10ms
1017600 0
1209600 0
1401600 0
1689600 0
1958400 0
2246400 60
2438400 9
2649600 6
2841600 14
3072000 19
3283200 14
3513600 74
3801600 786
4089600 627
4204800 206
4320000 751
--- cpu7 freq_Hz delta_10ms
1017600 0
1209600 0
1401600 0
1689600 0
1958400 0
2246400 60
2438400 9
2649600 6
2841600 14
3072000 19
3283200 14
3513600 74
3801600 784
4089600 627
4204800 206
4320000 752
gpu_freqs: 1100000000 1050000000 967000000 900000000 832000000 734000000 660000000 607000000 525000000 443000000 389000000 342000000 222000000 160000000
gpu_clock_stats_delta: 0 0 0 0 0 0 16144592 0 0 0 0 0 0 0
