window ticks 1959->3157 wall 39.71 s (units: 10 ms per state)
--- cpu0 freq_Hz delta_10ms
384000 0
556800 0
748800 0
960000 0
1152000 0
1363200 0
1555200 0
1785600 1046
1996800 72
2227200 34
2400000 18
2745600 26
2918400 3
3072000 8
3321600 9
3532800 2751
--- cpu1 freq_Hz delta_10ms
384000 0
556800 0
748800 0
960000 0
1152000 0
1363200 0
1555200 0
1785600 1048
1996800 73
2227200 35
2400000 18
2745600 26
2918400 3
3072000 9
3321600 9
3532800 2748
--- cpu2 freq_Hz delta_10ms
384000 0
556800 0
748800 0
960000 0
1152000 0
1363200 0
1555200 0
1785600 1049
1996800 74
2227200 35
2400000 18
2745600 26
2918400 3
3072000 9
3321600 9
3532800 2745
--- cpu3 freq_Hz delta_10ms
384000 0
556800 0
748800 0
960000 0
1152000 0
1363200 0
1555200 0
1785600 1050
1996800 74
2227200 35
2400000 19
2745600 26
2918400 3
3072000 9
3321600 9
3532800 2741
--- cpu4 freq_Hz delta_10ms
384000 0
556800 0
748800 0
960000 0
1152000 0
1363200 0
1555200 0
1785600 1052
1996800 74
2227200 35
2400000 20
2745600 26
2918400 3
3072000 9
3321600 9
3532800 2738
--- cpu5 freq_Hz delta_10ms
384000 0
556800 0
748800 0
960000 0
1152000 0
1363200 0
1555200 0
1785600 1053
1996800 75
2227200 35
2400000 20
2745600 26
2918400 3
3072000 9
3321600 9
3532800 2735
--- cpu6 freq_Hz delta_10ms
1017600 0
1209600 0
1401600 0
1689600 0
1958400 0
2246400 788
2438400 2
2649600 4
2841600 3
3072000 4
3283200 4
3513600 15
3801600 507
4089600 908
4204800 171
4320000 1561
--- cpu7 freq_Hz delta_10ms
1017600 0
1209600 0
1401600 0
1689600 0
1958400 0
2246400 788
2438400 2
2649600 4
2841600 3
3072000 4
3283200 4
3513600 15
3801600 504
4089600 907
4204800 171
4320000 1563
gpu_freqs: 1100000000 1050000000 967000000 900000000 832000000 734000000 660000000 607000000 525000000 443000000 389000000 342000000 222000000 160000000
gpu_clock_stats_delta: 0 0 223705 2801751 8465463 6651509 9586396 0 0 0 0 0 0 0
