# seq x y z w (decoded from tm2-watch-lines.txt, 101 stores, store-ticks 1799-1899)
0 2871.045 -45500.219 95574.406 1.000
1 2878.215 -45497.195 95567.156 1.000
2 2885.278 -45494.223 95559.789 1.000
3 2892.250 -45491.297 95552.328 1.000
4 2899.148 -45488.410 95544.797 1.000
5 2905.990 -45485.555 95537.219 1.000
6 2912.794 -45482.727 95529.617 1.000
7 2919.577 -45479.918 95522.016 1.000
8 2926.359 -45477.121 95514.438 1.000
9 2933.156 -45474.328 95506.914 1.000
10 2939.985 -45471.535 95499.461 1.000
11 2946.862 -45468.738 95492.102 1.000
12 2953.802 -45465.926 95484.859 1.000
13 2960.816 -45463.098 95477.750 1.000
14 2967.918 -45460.250 95470.789 1.000
15 2975.115 -45457.375 95463.984 1.000
16 2982.415 -45454.473 95457.352 1.000
17 2989.823 -45451.543 95450.891 1.000
18 2997.342 -45448.582 95444.609 1.000
19 3004.972 -45445.590 95438.508 1.000
20 3012.713 -45442.566 95432.578 1.000
21 3020.562 -45439.512 95426.820 1.000
22 3028.511 -45436.430 95421.227 1.000
23 3036.556 -45433.320 95415.781 1.000
24 3044.687 -45430.188 95410.477 1.000
25 3052.892 -45427.035 95405.297 1.000
26 3061.162 -45423.867 95400.219 1.000
27 3069.482 -45420.688 95395.227 1.000
28 3077.840 -45417.504 95390.305 1.000
29 3086.222 -45414.316 95385.430 1.000
30 3094.613 -45411.133 95380.578 1.000
31 3102.998 -45407.957 95375.727 1.000
32 3111.364 -45404.793 95370.859 1.000
33 3119.697 -45401.648 95365.953 1.000
34 3127.985 -45398.523 95360.992 1.000
35 3136.214 -45395.426 95355.961 1.000
36 3144.375 -45392.359 95350.836 1.000
37 3152.458 -45389.324 95345.609 1.000
38 3160.454 -45386.324 95340.266 1.000
39 3168.358 -45383.363 95334.797 1.000
40 3176.165 -45380.441 95329.203 1.000
41 3183.871 -45377.559 95323.469 1.000
42 3191.475 -45374.719 95317.594 1.000
43 3198.979 -45371.918 95311.586 1.000
44 3206.383 -45369.156 95305.438 1.000
45 3213.692 -45366.434 95299.164 1.000
46 3220.911 -45363.746 95292.766 1.000
47 3228.048 -45361.094 95286.258 1.000
48 3235.110 -45358.469 95279.648 1.000
49 3242.106 -45355.871 95272.945 1.000
50 3249.048 -45353.297 95266.172 1.000
51 3255.946 -45350.742 95259.336 1.000
52 3262.811 -45348.203 95252.461 1.000
53 3269.656 -45345.676 95245.562 1.000
54 3276.492 -45343.152 95238.656 1.000
55 3283.333 -45340.633 95231.758 1.000
56 3290.188 -45338.109 95224.883 1.000
57 3297.369 -45335.461 95218.070 1.000
58 3304.825 -45332.719 95211.383 1.000
59 3312.553 -45329.887 95204.836 1.000
60 3320.543 -45326.965 95198.445 1.000
61 3328.782 -45323.965 95192.219 1.000
62 3337.250 -45320.891 95186.156 1.000
63 3345.925 -45317.754 95180.258 1.000
64 3354.780 -45314.566 95174.516 1.000
65 3363.785 -45311.336 95168.914 1.000
66 3372.908 -45308.078 95163.445 1.000
67 3382.117 -45304.805 95158.086 1.000
68 3391.376 -45301.531 95152.805 1.000
69 3400.651 -45298.266 95147.586 1.000
70 3409.907 -45295.023 95142.398 1.000
71 3419.116 -45291.816 95137.219 1.000
72 3428.253 -45288.652 95132.031 1.000
73 3437.295 -45285.539 95126.820 1.000
74 3446.219 -45282.488 95121.562 1.000
75 3455.008 -45279.504 95116.250 1.000
76 3463.643 -45276.590 95110.859 1.000
77 3472.110 -45273.754 95105.391 1.000
78 3480.398 -45271.000 95099.828 1.000
79 3488.496 -45268.328 95094.172 1.000
80 3496.395 -45265.746 95088.414 1.000
81 3504.091 -45263.254 95082.555 1.000
82 3511.579 -45260.852 95076.602 1.000
83 3518.857 -45258.543 95070.562 1.000
84 3525.924 -45256.324 95064.453 1.000
85 3532.782 -45254.199 95058.289 1.000
86 3539.432 -45252.164 95052.078 1.000
87 3545.878 -45250.219 95045.852 1.000
88 3552.123 -45248.363 95039.625 1.000
89 3558.196 -45246.586 95033.414 1.000
90 3564.121 -45244.875 95027.219 1.000
91 3569.925 -45243.223 95021.055 1.000
92 3575.634 -45241.617 95014.938 1.000
93 3581.280 -45240.047 95008.867 1.000
94 3586.896 -45238.496 95002.852 1.000
95 3592.511 -45236.957 94996.898 1.000
96 3598.157 -45235.418 94991.016 1.000
97 3603.862 -45233.863 94985.203 1.000
98 3609.653 -45232.285 94979.461 1.000
99 3615.559 -45230.676 94973.805 1.000
100 3621.608 -45229.020 94968.234 1.000
