# call tick seq S C-before G M A B P D; snapshot before C increment
1 41 10 6404704 0 0 1 0 112 0 0
2 44 39 6404704 1 0 1 0 112 0 112
3 45 61 6404704 2 0 1 0 112 0 112
4 46 83 6404704 3 0 1 0 112 0 112
5 47 105 6404704 4 0 1 0 112 0 112
6 48 127 6404704 5 0 1 0 112 0 112
7 49 149 6404704 6 0 1 0 112 0 112
8 50 171 6404704 7 0 1 0 112 0 112
9 51 193 6404704 8 0 1 0 112 0 112
10 52 215 6404704 9 0 1 0 112 0 112
11 53 237 6404704 10 0 1 0 112 0 112
12 54 259 6404704 11 0 1 0 112 0 112
13 55 281 6404704 12 0 1 0 112 0 112
14 56 303 6404704 13 0 1 0 112 0 112
15 57 325 6404704 14 0 1 0 112 0 112
16 58 347 6404704 15 0 1 0 112 0 112
17 59 369 6404704 16 0 1 0 112 0 112
18 60 391 6404704 17 0 1 0 112 0 112
19 61 413 6404704 18 0 1 0 112 0 112
20 62 435 6404704 19 0 1 0 112 0 112
21 63 457 6404704 20 0 1 0 112 0 112
22 64 479 6404704 21 0 1 0 112 0 112
23 65 501 6404704 22 0 1 0 112 0 112
24 66 523 6404704 23 0 1 0 112 0 112
25 67 545 6404704 24 0 1 0 112 0 112
26 68 567 6404704 25 0 1 0 112 0 112
27 69 589 6404704 26 0 1 0 112 0 112
28 70 611 6404704 27 0 1 0 112 0 112
29 71 633 6404704 28 0 1 0 112 0 112
30 72 655 6404704 29 0 1 0 112 0 112
31 73 677 6404704 30 0 1 0 112 0 112
32 74 699 6404704 31 0 1 0 112 0 112
33 75 721 6404704 32 0 1 0 112 0 112
34 76 743 6404704 33 0 1 0 112 0 112
35 77 765 6404704 34 0 1 0 112 0 112
36 78 787 6404704 35 0 1 0 112 0 112
37 79 809 6404704 36 0 1 0 112 0 112
38 80 831 6404704 37 0 1 0 112 0 112
39 81 867 6404704 38 0 1 0 112 0 112
40 82 889 6404704 39 0 1 0 112 0 112
41 83 911 6404704 40 0 1 0 112 0 112
42 84 933 6404704 41 0 1 0 112 0 112
43 85 955 6404704 42 0 1 0 112 0 112
44 86 977 6404704 43 0 1 0 112 0 112
45 87 999 6404704 44 0 1 0 112 0 112
46 88 1021 6404704 45 0 1 0 112 0 112
47 89 1043 6404704 46 0 1 0 112 0 112
48 90 1065 6404704 47 0 1 0 112 0 112
49 91 1087 6404704 48 0 1 0 112 0 112
50 92 1109 6404704 49 0 1 0 112 0 112
51 93 1131 6404704 50 0 1 0 112 0 112
52 94 1153 6404704 51 0 1 0 112 0 112
53 95 1175 6404704 52 0 1 0 112 0 112
54 96 1204 6404704 53 0 1 0 112 0 112
55 97 1226 6404704 54 0 1 0 112 0 112
56 98 1248 6404704 55 0 1 0 112 0 112
57 99 1270 6404704 56 0 1 0 112 0 112
58 100 1292 6404704 57 0 1 0 112 0 112
59 101 1314 6404704 58 0 1 0 112 0 112
60 102 1336 6404704 59 0 1 0 112 0 112
61 103 1358 6404704 60 0 1 0 112 0 112
62 104 1380 6404704 61 0 1 0 112 0 112
63 105 1402 6404704 62 0 1 0 112 0 112
64 106 1424 6404704 63 0 1 0 112 0 112
65 107 1446 6404704 64 0 1 0 112 0 112
66 108 1468 6404704 65 0 1 0 112 0 112
67 109 1490 6404704 66 0 1 0 112 0 112
68 110 1512 6404704 67 0 1 0 112 0 112
69 111 1534 6404704 68 0 1 0 112 0 112
70 112 1556 6404704 69 0 1 0 112 0 112
71 113 1578 6404704 70 0 1 0 112 0 112
72 114 1600 6404704 71 0 1 0 112 0 112
73 115 1622 6404704 72 0 1 0 112 0 112
74 116 1644 6404704 73 0 1 0 112 0 112
75 117 1666 6404704 74 0 1 0 112 0 112
76 118 1688 6404704 75 0 1 0 112 0 112
77 119 1800 6404704 76 0 1 0 112 0 112
78 120 1847 6404704 77 0 1 0 112 0 112
79 121 1896 6404704 78 0 1 0 112 0 112
80 122 1932 6404704 79 0 1 0 112 0 112
81 123 1967 6404704 80 0 1 0 112 0 112
82 124 2006 6404704 81 0 1 0 112 0 112
83 125 2053 6404704 82 0 1 0 112 0 112
84 126 2089 6404704 83 0 1 0 112 0 112
85 127 2124 6404704 84 0 1 0 112 0 112
86 128 2163 6404704 85 0 1 0 112 0 112
87 129 2210 6404704 86 0 1 0 112 0 112
88 130 2246 6404704 87 0 1 0 112 0 112
89 131 2281 6404704 88 0 1 0 112 0 112
90 132 2320 6404704 89 0 1 0 112 0 112
91 133 2353 6404704 90 0 1 0 112 0 112
92 134 2382 6404704 91 0 1 0 112 0 112
93 135 2411 6404704 92 0 1 0 112 0 112
94 136 2440 6404704 93 0 1 0 112 0 112
95 137 2469 6404704 94 0 1 0 112 0 112
96 138 2498 6404704 95 0 1 0 112 0 112
97 139 2527 6404704 96 0 1 0 112 0 112
98 140 2556 6404704 97 0 1 0 112 0 112
99 141 2585 6404704 98 0 1 0 112 0 112
100 142 2614 6404704 99 0 1 0 112 0 112
101 143 2643 6404704 100 0 1 0 112 0 112
102 144 2672 6404704 101 0 1 0 112 0 112
103 145 2701 6404704 102 0 1 0 112 0 112
104 146 2730 6404704 103 0 1 0 112 0 112
105 147 2759 6404704 104 0 1 0 112 0 112
106 148 2788 6404704 105 0 1 0 112 0 112
107 149 2817 6404704 106 0 1 0 112 0 112
108 150 2846 6404704 107 0 1 0 112 0 112
109 151 2875 6404704 108 0 1 0 112 0 112
110 152 2904 6404704 109 0 1 0 112 0 112
111 153 2933 6404704 110 0 1 0 112 0 112
112 154 2962 6404704 111 0 1 0 112 0 112
113 155 2991 6404704 112 0 1 0 112 0 112
114 156 3020 6404704 113 0 1 0 112 0 112
115 157 3049 6404704 114 0 1 0 112 0 112
116 158 3078 6404704 115 0 1 0 112 0 112
117 159 3107 6404704 116 0 1 0 112 0 112
118 160 3136 6404704 117 0 1 0 112 0 112
119 161 3165 6404704 118 0 1 0 112 0 112
120 162 3194 6404704 119 0 1 0 112 0 112
121 163 3223 6404704 120 0 1 0 112 0 112
122 164 3252 6404704 121 0 1 0 112 0 112
123 165 3281 6404704 122 0 1 0 112 0 112
124 166 3310 6404704 123 0 1 0 112 0 112
125 167 3339 6404704 124 0 1 0 112 0 112
126 168 3368 6404704 125 0 1 0 112 0 112
127 169 3397 6404704 126 0 1 0 112 0 112
128 170 3426 6404704 127 0 1 0 112 0 112
129 171 3455 6404704 128 0 1 0 112 0 112
130 172 3484 6404704 129 0 1 0 112 0 112
131 173 3513 6404704 130 0 1 0 112 0 112
132 174 3542 6404704 131 0 1 0 112 0 112
133 175 3571 6404704 132 0 1 0 112 0 112
134 176 3600 6404704 133 0 1 0 112 0 112
135 177 3629 6404704 134 0 1 0 112 0 112
136 178 3658 6404704 135 0 1 0 112 0 112
137 179 3687 6404704 136 0 1 0 112 0 112
138 180 3716 6404704 137 0 1 0 112 0 112
139 181 3745 6404704 138 0 1 0 112 0 112
140 182 3774 6404704 139 0 1 0 112 0 112
141 183 3803 6404704 140 0 1 0 112 0 112
142 184 3832 6404704 141 0 1 0 112 0 112
143 185 3861 6404704 142 0 1 0 112 0 112
144 186 3890 6404704 143 0 1 0 112 0 112
145 187 3919 6404704 144 0 1 0 112 0 112
146 188 3948 6404704 145 0 1 0 112 0 112
147 189 3977 6404704 146 0 1 0 112 0 112
148 190 4006 6404704 147 0 1 0 112 0 112
149 191 4035 6404704 148 0 1 0 112 0 112
150 192 4064 6404704 149 0 1 0 112 0 112
151 193 4093 6404704 150 0 1 0 112 0 112
152 194 4122 6404704 151 0 1 0 112 0 112
153 195 4151 6404704 152 0 1 0 112 0 112
154 196 4180 6404704 153 0 1 0 112 0 112
155 197 4209 6404704 154 0 1 0 112 0 112
156 198 4238 6404704 155 0 1 0 112 0 112
157 199 4267 6404704 156 0 1 0 112 0 112
158 200 4296 6404704 157 0 1 0 112 0 112
159 201 4325 6404704 158 0 1 0 112 0 112
160 202 4354 6404704 159 0 1 0 112 0 112
161 203 4383 6404704 160 0 1 0 112 0 112
162 204 4412 6404704 161 0 1 0 112 0 112
163 205 4441 6404704 162 0 1 0 112 0 112
164 206 4470 6404704 163 0 1 0 112 0 112
165 207 4499 6404704 164 0 1 0 112 0 112
166 208 4528 6404704 165 0 1 0 112 0 112
167 209 4557 6404704 166 0 1 0 112 0 112
168 210 4586 6404704 167 0 1 0 112 0 112
169 211 4615 6404704 168 0 1 0 112 0 112
170 212 4644 6404704 169 0 1 0 112 0 112
171 213 4673 6404704 170 0 1 0 112 0 112
172 214 4702 6404704 171 0 1 0 112 0 112
173 215 4731 6404704 172 0 1 0 112 0 112
174 216 4760 6404704 173 0 1 0 112 0 112
175 217 4789 6404704 174 0 1 0 112 0 112
176 218 4818 6404704 175 0 1 0 112 0 112
177 219 4847 6404704 176 0 1 0 112 0 112
178 220 4876 6404704 177 0 1 0 112 0 112
179 221 4905 6404704 178 0 1 0 112 0 112
180 222 4934 6404704 179 0 1 0 112 0 112
181 223 4963 6404704 180 0 1 0 112 0 112
182 224 5013 6404704 181 0 1 0 112 0 112
183 225 5064 6404704 182 0 1 0 112 0 112
184 226 5103 6404704 183 0 1 0 112 0 112
185 227 5132 6404704 184 0 1 0 112 0 112
186 228 5154 6404704 185 0 1 0 112 0 112
187 229 5176 6404704 186 0 1 0 112 0 112
188 230 5198 6404704 187 0 1 0 112 0 112
189 231 5220 6404704 188 0 1 0 112 0 112
190 232 5242 6404704 189 0 1 0 112 0 112
191 233 5264 6404704 190 0 1 0 112 0 112
192 234 5286 6404704 191 0 1 0 112 0 112
193 235 5308 6404704 192 0 1 0 112 0 112
194 236 5330 6404704 193 0 1 0 112 0 112
195 237 5352 6404704 194 0 1 0 112 0 112
196 238 5374 6404704 195 0 1 0 112 0 112
197 239 5396 6404704 196 0 1 0 112 0 112
198 240 5418 6404704 197 0 1 0 112 0 112
199 241 5440 6404704 198 0 1 0 112 0 112
200 242 5462 6404704 199 0 1 0 112 0 112
201 243 5484 6404704 200 0 1 0 112 0 112
202 244 5506 6404704 201 0 1 0 112 0 112
203 245 5528 6404704 202 0 1 0 112 0 112
204 246 5550 6404704 203 0 1 0 112 0 112
205 247 5572 6404704 204 0 1 0 112 0 112
206 248 5594 6404704 205 0 1 0 112 0 112
207 249 5616 6404704 206 0 1 0 112 0 112
208 250 5638 6404704 207 0 1 0 112 0 112
209 251 5660 6404704 208 0 1 0 112 0 112
210 252 5682 6404704 209 0 1 0 112 0 112
211 253 5704 6404704 210 0 1 0 112 0 112
212 254 5726 6404704 211 0 1 0 112 0 112
213 255 5748 6404704 212 0 1 0 112 0 112
214 256 5770 6404704 213 0 1 0 112 0 112
215 257 5792 6404704 214 0 1 0 112 0 112
216 258 5814 6404704 215 0 1 0 112 0 112
217 259 5836 6404704 216 0 1 0 112 0 112
218 260 5858 6404704 217 0 1 0 112 0 112
219 261 5880 6404704 218 0 1 0 112 0 112
220 262 5902 6404704 219 0 1 0 112 0 112
221 263 5924 6404704 220 0 1 0 112 0 112
222 264 5946 6404704 221 0 1 0 112 0 112
223 265 5968 6404704 222 0 1 0 112 0 112
224 266 5990 6404704 223 0 1 0 112 0 112
225 267 6012 6404704 224 0 1 0 112 0 112
226 268 6034 6404704 225 0 1 0 112 0 112
227 269 6056 6404704 226 0 1 0 112 0 112
228 270 6078 6404704 227 0 1 0 112 0 112
229 271 6100 6404704 228 0 1 0 112 0 112
230 272 6122 6404704 229 0 1 0 112 0 112
231 273 6144 6404704 230 0 1 0 112 0 112
232 274 6166 6404704 231 0 1 0 112 0 112
233 275 6188 6404704 232 0 1 0 112 0 112
234 276 6210 6404704 233 0 1 0 112 0 112
235 277 6232 6404704 234 0 1 0 112 0 112
236 278 6254 6404704 235 0 1 0 112 0 112
237 279 6276 6404704 236 0 1 0 112 0 112
238 280 6298 6404704 237 0 1 0 112 0 112
239 281 6320 6404704 238 0 1 0 112 0 112
240 282 6342 6404704 239 0 1 0 112 0 112
241 283 6364 6404704 240 0 1 0 112 0 112
242 284 6386 6404704 241 0 1 0 112 0 112
243 285 6408 6404704 242 0 1 0 112 0 112
244 286 6430 6404704 243 0 1 0 112 0 112
245 287 6452 6404704 244 0 1 0 112 0 112
246 288 6474 6404704 245 0 1 0 112 0 112
247 289 6496 6404704 246 0 1 0 112 0 112
248 290 6518 6404704 247 0 1 0 112 0 112
249 291 6540 6404704 248 0 1 0 112 0 112
250 292 6562 6404704 249 0 1 0 112 0 112
251 293 6584 6404704 250 0 1 0 112 0 112
252 294 6606 6404704 251 0 1 0 112 0 112
253 295 6628 6404704 252 0 1 0 112 0 112
254 296 6650 6404704 253 0 1 0 112 0 112
255 297 6672 6404704 254 0 1 0 112 0 112
256 298 6694 6404704 255 0 1 0 112 0 112
257 299 6716 6404704 256 0 1 0 112 0 112
258 300 6738 6404704 257 0 1 0 112 0 112
259 301 6760 6404704 258 0 1 0 112 0 112
260 302 6782 6404704 259 0 1 0 112 0 112
261 303 6804 6404704 260 0 1 0 112 0 112
262 304 6826 6404704 261 0 1 0 112 0 112
263 305 6848 6404704 262 0 1 0 112 0 112
264 306 6870 6404704 263 0 1 0 112 0 112
265 307 6892 6404704 264 0 1 0 112 0 112
266 308 6914 6404704 265 0 1 0 112 0 112
267 309 6936 6404704 266 0 1 0 112 0 112
268 310 6958 6404704 267 0 1 0 112 0 112
269 311 6980 6404704 268 0 1 0 112 0 112
270 312 7002 6404704 269 0 1 0 112 0 112
271 313 7024 6404704 270 0 1 0 112 0 112
272 314 7046 6404704 271 0 1 0 112 0 112
273 315 7068 6404704 272 0 1 0 112 0 112
274 316 7090 6404704 273 0 1 0 112 0 112
275 317 7112 6404704 274 0 1 0 112 0 112
276 318 7134 6404704 275 0 1 0 112 0 112
277 319 7156 6404704 276 0 1 0 112 0 112
278 320 7178 6404704 277 0 1 0 112 0 112
279 321 7200 6404704 278 0 1 0 112 0 112
280 322 7222 6404704 279 0 1 0 112 0 112
281 323 7244 6404704 280 0 1 0 112 0 112
282 324 7266 6404704 281 0 1 0 112 0 112
283 325 7288 6404704 282 0 1 0 112 0 112
284 326 7310 6404704 283 0 1 0 112 0 112
285 327 7332 6404704 284 0 1 0 112 0 112
286 328 7354 6404704 285 0 1 0 112 0 112
287 329 7376 6404704 286 0 1 0 112 0 112
288 330 7398 6404704 287 0 1 0 112 0 112
289 331 7420 6404704 288 0 1 0 112 0 112
290 332 7442 6404704 289 0 1 0 112 0 112
291 333 7464 6404704 290 0 1 0 112 0 112
292 334 7486 6404704 291 0 1 0 112 0 112
293 335 7508 6404704 292 0 1 0 112 0 112
294 336 7530 6404704 293 0 1 0 112 0 112
295 337 7552 6404704 294 0 1 0 112 0 112
296 338 7574 6404704 295 0 1 0 112 0 112
297 339 7596 6404704 296 0 1 0 112 0 112
298 340 7618 6404704 297 0 1 0 112 0 112
299 341 7640 6404704 298 0 1 0 112 0 112
300 342 7662 6404704 299 0 1 0 112 0 112
301 343 7684 6404704 300 0 1 0 112 0 112
302 344 7706 6404704 301 0 1 0 112 0 112
303 345 7728 6404704 302 0 1 0 112 0 112
304 346 7750 6404704 303 0 1 0 112 0 112
305 347 7772 6404704 304 0 1 0 112 0 112
306 348 7794 6404704 305 0 1 0 112 0 112
307 349 7816 6404704 306 0 1 0 112 0 112
308 350 7838 6404704 307 0 1 0 112 0 112
309 351 7860 6404704 308 0 1 0 112 0 112
310 352 7882 6404704 309 0 1 0 112 0 112
311 353 7904 6404704 310 0 1 0 112 0 112
312 354 7926 6404704 311 0 1 0 112 0 112
313 355 7948 6404704 312 0 1 0 112 0 112
314 356 7970 6404704 313 0 1 0 112 0 112
315 357 7992 6404704 314 0 1 0 112 0 112
316 358 8014 6404704 315 0 1 0 112 0 112
317 359 8036 6404704 316 0 1 0 112 0 112
318 360 8058 6404704 317 0 1 0 112 0 112
319 361 8080 6404704 318 0 1 0 112 0 112
320 362 8102 6404704 319 0 1 0 112 0 112
321 363 8124 6404704 320 0 1 0 112 0 112
322 364 8146 6404704 321 0 1 0 112 0 112
323 365 8168 6404704 322 0 1 0 112 0 112
324 366 8190 6404704 323 0 1 0 112 0 112
325 367 8212 6404704 324 0 1 0 112 0 112
326 368 8234 6404704 325 0 1 0 112 0 112
327 369 8256 6404704 326 0 1 0 112 0 112
328 370 8278 6404704 327 0 1 0 112 0 112
329 371 8300 6404704 328 0 1 0 112 0 112
330 372 8322 6404704 329 0 1 0 112 0 112
331 373 8344 6404704 330 0 1 0 112 0 112
332 374 8366 6404704 331 0 1 0 112 0 112
333 375 8388 6404704 332 0 1 0 112 0 112
334 376 8410 6404704 333 0 1 0 112 0 112
335 377 8432 6404704 334 0 1 0 112 0 112
336 378 8454 6404704 335 0 1 0 112 0 112
337 379 8476 6404704 336 0 1 0 112 0 112
338 380 8498 6404704 337 0 1 0 112 0 112
339 381 8520 6404704 338 0 1 0 112 0 112
340 382 8542 6404704 339 0 1 0 112 0 112
341 383 8564 6404704 340 0 1 0 112 0 112
342 384 8586 6404704 341 0 1 0 112 0 112
343 385 8608 6404704 342 0 1 0 112 0 112
344 386 8630 6404704 343 0 1 0 112 0 112
345 387 8652 6404704 344 0 1 0 112 0 112
346 388 8674 6404704 345 0 1 0 112 0 112
347 389 8696 6404704 346 0 1 0 112 0 112
348 390 8718 6404704 347 0 1 0 112 0 112
349 391 8740 6404704 348 0 1 0 112 0 112
350 392 8762 6404704 349 0 1 0 112 0 112
351 393 8784 6404704 350 0 1 0 112 0 112
352 394 8806 6404704 351 0 1 0 112 0 112
353 395 8828 6404704 352 0 1 0 112 0 112
354 396 8850 6404704 353 0 1 0 112 0 112
355 397 8872 6404704 354 0 1 0 112 0 112
356 398 8894 6404704 355 0 1 0 112 0 112
357 399 8916 6404704 356 0 1 0 112 0 112
358 400 8938 6404704 357 0 1 0 112 0 112
359 401 8960 6404704 358 0 1 0 112 0 112
360 402 8982 6404704 359 0 1 0 112 0 112
361 403 9004 6404704 360 0 1 0 112 0 112
362 404 9026 6404704 361 0 1 0 112 0 112
363 405 9048 6404704 362 0 1 0 112 0 112
364 406 9070 6404704 363 0 1 0 112 0 112
365 407 9092 6404704 364 0 1 0 112 0 112
366 408 9114 6404704 365 0 1 0 112 0 112
367 409 9136 6404704 366 0 1 0 112 0 112
368 410 9158 6404704 367 0 1 0 112 0 112
369 411 9180 6404704 368 0 1 0 112 0 112
370 412 9202 6404704 369 0 1 0 112 0 112
371 413 9224 6404704 370 0 1 0 112 0 112
372 414 9246 6404704 371 0 1 0 112 0 112
373 415 9268 6404704 372 0 1 0 112 0 112
374 416 9290 6404704 373 0 1 0 112 0 112
375 417 9312 6404704 374 0 1 0 112 0 112
376 418 9334 6404704 375 0 1 0 112 0 112
377 419 9356 6404704 376 0 1 0 112 0 112
378 420 9378 6404704 377 0 1 0 112 0 112
379 421 9400 6404704 378 0 1 0 112 0 112
380 422 9422 6404704 379 0 1 0 112 0 112
381 423 9444 6404704 380 0 1 0 112 0 112
382 424 9466 6404704 381 0 1 0 112 0 112
383 425 9488 6404704 382 0 1 0 112 0 112
384 426 9510 6404704 383 0 1 0 112 0 112
385 427 9532 6404704 384 0 1 0 112 0 112
386 428 9554 6404704 385 0 1 0 112 0 112
387 429 9576 6404704 386 0 1 0 112 0 112
388 430 9598 6404704 387 0 1 0 112 0 112
389 431 9620 6404704 388 0 1 0 112 0 112
390 432 9642 6404704 389 0 1 0 112 0 112
391 433 9664 6404704 390 0 1 0 112 0 112
392 434 9686 6404704 391 0 1 0 112 0 112
393 435 9708 6404704 392 0 1 0 112 0 112
394 436 9730 6404704 393 0 1 0 112 0 112
395 437 9752 6404704 394 0 1 0 112 0 112
396 438 9774 6404704 395 0 1 0 112 0 112
397 439 9796 6404704 396 0 1 0 112 0 112
398 440 9818 6404704 397 0 1 0 112 0 112
399 441 9840 6404704 398 0 1 0 112 0 112
400 442 9862 6404704 399 0 1 0 112 0 112
401 443 9884 6404704 400 0 1 0 112 0 112
402 444 9906 6404704 401 0 1 0 112 0 112
403 445 9928 6404704 402 0 1 0 112 0 112
404 446 9950 6404704 403 0 1 0 112 0 112
405 447 9972 6404704 404 0 1 0 112 0 112
406 448 9994 6404704 405 0 1 0 112 0 112
407 449 10016 6404704 406 0 1 0 112 0 112
408 450 10038 6404704 407 0 1 0 112 0 112
409 451 10060 6404704 408 0 1 0 112 0 112
410 452 10082 6404704 409 0 1 0 112 0 112
411 453 10104 6404704 410 0 1 0 112 0 112
412 454 10126 6404704 411 0 1 0 112 0 112
413 455 10148 6404704 412 0 1 0 112 0 112
414 456 10170 6404704 413 0 1 0 112 0 112
415 457 10192 6404704 414 0 1 0 112 0 112
416 458 10214 6404704 415 0 1 0 112 0 112
417 459 10236 6404704 416 0 1 0 112 0 112
418 460 10258 6404704 417 0 1 0 112 0 112
419 461 10280 6404704 418 0 1 0 112 0 112
420 462 10302 6404704 419 0 1 0 112 0 112
421 463 10324 6404704 420 0 1 0 112 0 112
422 464 10346 6404704 421 0 1 0 112 0 112
423 465 10368 6404704 422 0 1 0 112 0 112
424 466 10390 6404704 423 0 1 0 112 0 112
425 467 10412 6404704 424 0 1 0 112 0 112
426 468 10434 6404704 425 0 1 0 112 0 112
427 469 10456 6404704 426 0 1 0 112 0 112
428 470 10478 6404704 427 0 1 0 112 0 112
429 471 10500 6404704 428 0 1 0 112 0 112
430 472 10522 6404704 429 0 1 0 112 0 112
431 473 10544 6404704 430 0 1 0 112 0 112
432 474 10566 6404704 431 0 1 0 112 0 112
433 475 10588 6404704 432 0 1 0 112 0 112
434 476 10610 6404704 433 0 1 0 112 0 112
435 477 10632 6404704 434 0 1 0 112 0 112
436 478 10654 6404704 435 0 1 0 112 0 112
437 479 10676 6404704 436 0 1 0 112 0 112
438 480 10698 6404704 437 0 1 0 112 0 112
439 481 10720 6404704 438 0 1 0 112 0 112
440 482 10742 6404704 439 0 1 0 112 0 112
441 483 10764 6404704 440 0 1 0 112 0 112
442 484 10786 6404704 441 0 1 0 112 0 112
443 485 10808 6404704 442 0 1 0 112 0 112
444 486 10830 6404704 443 0 1 0 112 0 112
445 487 10852 6404704 444 0 1 0 112 0 112
446 488 10874 6404704 445 0 1 0 112 0 112
447 489 10896 6404704 446 0 1 0 112 0 112
448 490 10918 6404704 447 0 1 0 112 0 112
449 491 10940 6404704 448 0 1 0 112 0 112
450 492 10962 6404704 449 0 1 0 112 0 112
451 493 10984 6404704 450 0 1 0 112 0 112
452 494 11006 6404704 451 0 1 0 112 0 112
453 495 11028 6404704 452 0 1 0 112 0 112
454 496 11050 6404704 453 0 1 0 112 0 112
455 497 11072 6404704 454 0 1 0 112 0 112
456 498 11094 6404704 455 0 1 0 112 0 112
457 499 11116 6404704 456 0 1 0 112 0 112
458 500 11138 6404704 457 0 1 0 112 0 112
459 501 11160 6404704 458 0 1 0 112 0 112
460 502 11182 6404704 459 0 1 0 112 0 112
461 503 11204 6404704 460 0 1 0 112 0 112
462 504 11226 6404704 461 0 1 0 112 0 112
463 505 11248 6404704 462 0 1 0 112 0 112
464 506 11270 6404704 463 0 1 0 112 0 112
465 507 11292 6404704 464 0 1 0 112 0 112
466 508 11314 6404704 465 0 1 0 112 0 112
467 509 11336 6404704 466 0 1 0 112 0 112
468 510 11358 6404704 467 0 1 0 112 0 112
469 511 11380 6404704 468 0 1 0 112 0 112
470 512 11402 6404704 469 0 1 0 112 0 112
471 513 11424 6404704 470 0 1 0 112 0 112
472 514 11446 6404704 471 0 1 0 112 0 112
473 515 11468 6404704 472 0 1 0 112 0 112
474 516 11490 6404704 473 0 1 0 112 0 112
475 517 11512 6404704 474 0 1 0 112 0 112
476 518 11534 6404704 475 0 1 0 112 0 112
477 519 11556 6404704 476 0 1 0 112 0 112
478 520 11578 6404704 477 0 1 0 112 0 112
479 521 11600 6404704 478 0 1 0 112 0 112
480 522 11622 6404704 479 0 1 0 112 0 112
481 523 11644 6404704 480 0 1 0 112 0 112
482 524 11666 6404704 481 0 1 0 112 0 112
483 525 11688 6404704 482 0 1 0 112 0 112
484 526 11710 6404704 483 0 1 0 112 0 112
485 527 11732 6404704 484 0 1 0 112 0 112
486 528 11754 6404704 485 0 1 0 112 0 112
487 529 11776 6404704 486 0 1 0 112 0 112
488 530 11798 6404704 487 0 1 0 112 0 112
489 531 11820 6404704 488 0 1 0 112 0 112
490 532 11842 6404704 489 0 1 0 112 0 112
491 533 11864 6404704 490 0 1 0 112 0 112
492 534 11886 6404704 491 0 1 0 112 0 112
493 535 11908 6404704 492 0 1 0 112 0 112
494 536 11930 6404704 493 0 1 0 112 0 112
495 537 11952 6404704 494 0 1 0 112 0 112
496 538 11974 6404704 495 0 1 0 112 0 112
497 539 11996 6404704 496 0 1 0 112 0 112
498 540 12018 6404704 497 0 1 0 112 0 112
499 541 12040 6404704 498 0 1 0 112 0 112
500 542 12062 6404704 499 0 1 0 112 0 112
501 543 12084 6404704 500 0 1 0 112 0 112
502 544 12106 6404704 501 0 1 0 112 0 112
503 545 12128 6404704 502 0 1 0 112 0 112
504 546 12150 6404704 503 0 1 0 112 0 112
505 547 12172 6404704 504 0 1 0 112 0 112
506 548 12194 6404704 505 0 1 0 112 0 112
507 549 12216 6404704 506 0 1 0 112 0 112
508 550 12238 6404704 507 0 1 0 112 0 112
509 551 12260 6404704 508 0 1 0 112 0 112
510 552 12282 6404704 509 0 1 0 112 0 112
511 553 12304 6404704 510 0 1 0 112 0 112
512 554 12326 6404704 511 0 1 0 112 0 112
513 555 12348 6404704 512 0 1 0 112 0 112
514 556 12370 6404704 513 0 1 0 112 0 112
515 557 12392 6404704 514 0 1 0 112 0 112
516 558 12414 6404704 515 0 1 0 112 0 112
517 559 12436 6404704 516 0 1 0 112 0 112
518 560 12458 6404704 517 0 1 0 112 0 112
519 561 12480 6404704 518 0 1 0 112 0 112
520 562 12502 6404704 519 0 1 0 112 0 112
521 563 12524 6404704 520 0 1 0 112 0 112
522 564 12546 6404704 521 0 1 0 112 0 112
523 565 12568 6404704 522 0 1 0 112 0 112
524 566 12590 6404704 523 0 1 0 112 0 112
525 567 12612 6404704 524 0 1 0 112 0 112
526 568 12634 6404704 525 0 1 0 112 0 112
527 569 12656 6404704 526 0 1 0 112 0 112
528 570 12678 6404704 527 0 1 0 112 0 112
529 571 12700 6404704 528 0 1 0 112 0 112
530 572 12722 6404704 529 0 1 0 112 0 112
531 573 12744 6404704 530 0 1 0 112 0 112
532 574 12766 6404704 531 0 1 0 112 0 112
533 575 12788 6404704 532 0 1 0 112 0 112
534 576 12810 6404704 533 0 1 0 112 0 112
535 577 12832 6404704 534 0 1 0 112 0 112
536 578 12854 6404704 535 0 1 0 112 0 112
537 579 12876 6404704 536 0 1 0 112 0 112
538 580 12898 6404704 537 0 1 0 112 0 112
539 581 12920 6404704 538 0 1 0 112 0 112
540 582 12942 6404704 539 0 1 0 112 0 112
541 583 12964 6404704 540 0 1 0 112 0 112
542 584 12986 6404704 541 0 1 0 112 0 112
543 585 13008 6404704 542 0 1 0 112 0 112
544 586 13030 6404704 543 0 1 0 112 0 112
545 587 13052 6404704 544 0 1 0 112 0 112
546 588 13074 6404704 545 0 1 0 112 0 112
547 589 13096 6404704 546 0 1 0 112 0 112
548 590 13118 6404704 547 0 1 0 112 0 112
549 591 13140 6404704 548 0 1 0 112 0 112
550 592 13162 6404704 549 0 1 0 112 0 112
551 593 13184 6404704 550 0 1 0 112 0 112
552 594 13206 6404704 551 0 1 0 112 0 112
553 595 13228 6404704 552 0 1 0 112 0 112
554 596 13250 6404704 553 0 1 0 112 0 112
555 597 13272 6404704 554 0 1 0 112 0 112
556 598 13294 6404704 555 0 1 0 112 0 112
557 599 13316 6404704 556 0 1 0 112 0 112
558 600 13381 6404704 557 0 1 0 112 0 112
559 601 13446 6404704 558 0 1 0 112 0 112
560 602 13511 6404704 559 0 1 0 112 0 112
561 603 13576 6404704 560 0 1 0 112 0 112
# E12 BURST SERIES TAIL COMPLETE
