window ticks 1936->2545 wall 29.28 s (units: 10 ms per state)
--- cpu0 freq_Hz delta_10ms
384000 0
556800 0
748800 0
960000 0
1152000 0
1363200 0
1555200 0
1785600 1049
1996800 59
2227200 21
2400000 16
2745600 11
2918400 2
3072000 4
3321600 8
3532800 1756
--- cpu1 freq_Hz delta_10ms
384000 0
556800 0
748800 0
960000 0
1152000 0
1363200 0
1555200 0
1785600 1051
1996800 60
2227200 21
2400000 16
2745600 11
2918400 2
3072000 4
3321600 8
3532800 1754
--- cpu2 freq_Hz delta_10ms
384000 0
556800 0
748800 0
960000 0
1152000 0
1363200 0
1555200 0
1785600 1054
1996800 60
2227200 21
2400000 16
2745600 11
2918400 2
3072000 4
3321600 8
3532800 1751
--- cpu3 freq_Hz delta_10ms
384000 0
556800 0
748800 0
960000 0
1152000 0
1363200 0
1555200 0
1785600 1057
1996800 61
2227200 21
2400000 16
2745600 11
2918400 2
3072000 4
3321600 8
3532800 1748
--- cpu4 freq_Hz delta_10ms
384000 0
556800 0
748800 0
960000 0
1152000 0
1363200 0
1555200 0
1785600 1058
1996800 61
2227200 22
2400000 16
2745600 11
2918400 2
3072000 4
3321600 8
3532800 1745
--- cpu5 freq_Hz delta_10ms
384000 0
556800 0
748800 0
960000 0
1152000 0
1363200 0
1555200 0
1785600 1061
1996800 61
2227200 22
2400000 16
2745600 11
2918400 2
3072000 4
3321600 8
3532800 1742
--- cpu6 freq_Hz delta_10ms
1017600 0
1209600 0
1401600 0
1689600 0
1958400 0
2246400 213
2438400 17
2649600 48
2841600 163
3072000 133
3283200 61
3513600 75
3801600 447
4089600 798
4204800 216
4320000 753
--- cpu7 freq_Hz delta_10ms
1017600 0
1209600 0
1401600 0
1689600 0
1958400 0
2246400 214
2438400 17
2649600 49
2841600 163
3072000 133
3283200 61
3513600 75
3801600 446
4089600 798
4204800 215
4320000 753
gpu_freqs: 1100000000 1050000000 967000000 900000000 832000000 734000000 660000000 607000000 525000000 443000000 389000000 342000000 222000000 160000000
gpu_clock_stats_delta: 0 0 0 0 0 0 14915728 0 0 0 0 0 0 0
