# call tick seq S C-before G M A B P D; snapshot before C increment
1 41 10 6404704 0 0 1 0 112 0 0
2 44 39 6404704 1 0 1 0 112 0 112
3 45 61 6404704 2 0 1 0 112 0 112
4 46 83 6404704 3 0 1 0 112 0 112
5 47 105 6404704 4 0 1 0 112 0 112
6 48 127 6404704 5 0 1 0 112 0 112
7 49 149 6404704 6 0 1 0 112 0 112
8 50 171 6404704 7 0 1 0 112 0 112
9 51 193 6404704 8 0 1 0 112 0 112
10 52 215 6404704 9 0 1 0 112 0 112
11 53 237 6404704 10 0 1 0 112 0 112
12 54 259 6404704 11 0 1 0 112 0 112
13 55 281 6404704 12 0 1 0 112 0 112
14 56 303 6404704 13 0 1 0 112 0 112
15 57 325 6404704 14 0 1 0 112 0 112
16 58 347 6404704 15 0 1 0 112 0 112
17 59 369 6404704 16 0 1 0 112 0 112
18 60 391 6404704 17 0 1 0 112 0 112
19 61 413 6404704 18 0 1 0 112 0 112
20 62 435 6404704 19 0 1 0 112 0 112
21 63 457 6404704 20 0 1 0 112 0 112
22 64 479 6404704 21 0 1 0 112 0 112
23 65 501 6404704 22 0 1 0 112 0 112
24 66 523 6404704 23 0 1 0 112 0 112
25 67 545 6404704 24 0 1 0 112 0 112
26 68 567 6404704 25 0 1 0 112 0 112
27 69 589 6404704 26 0 1 0 112 0 112
28 70 611 6404704 27 0 1 0 112 0 112
29 71 633 6404704 28 0 1 0 112 0 112
30 72 655 6404704 29 0 1 0 112 0 112
31 73 677 6404704 30 0 1 0 112 0 112
32 74 699 6404704 31 0 1 0 112 0 112
33 75 721 6404704 32 0 1 0 112 0 112
34 76 743 6404704 33 0 1 0 112 0 112
35 77 765 6404704 34 0 1 0 112 0 112
36 78 787 6404704 35 0 1 0 112 0 112
37 79 809 6404704 36 0 1 0 112 0 112
38 80 831 6404704 37 0 1 0 112 0 112
39 81 853 6404704 38 0 1 0 112 0 112
40 82 875 6404704 39 0 1 0 112 0 112
41 83 897 6404704 40 0 1 0 112 0 112
42 84 919 6404704 41 0 1 0 112 0 112
43 85 941 6404704 42 0 1 0 112 0 112
44 86 963 6404704 43 0 1 0 112 0 112
45 87 985 6404704 44 0 1 0 112 0 112
46 88 1007 6404704 45 0 1 0 112 0 112
47 89 1029 6404704 46 0 1 0 112 0 112
48 90 1051 6404704 47 0 1 0 112 0 112
49 91 1073 6404704 48 0 1 0 112 0 112
50 92 1095 6404704 49 0 1 0 112 0 112
51 93 1117 6404704 50 0 1 0 112 0 112
52 94 1139 6404704 51 0 1 0 112 0 112
53 95 1161 6404704 52 0 1 0 112 0 112
54 96 1190 6404704 53 0 1 0 112 0 112
55 97 1212 6404704 54 0 1 0 112 0 112
56 98 1234 6404704 55 0 1 0 112 0 112
57 99 1256 6404704 56 0 1 0 112 0 112
58 100 1278 6404704 57 0 1 0 112 0 112
59 101 1300 6404704 58 0 1 0 112 0 112
60 102 1322 6404704 59 0 1 0 112 0 112
61 103 1344 6404704 60 0 1 0 112 0 112
62 104 1366 6404704 61 0 1 0 112 0 112
63 105 1388 6404704 62 0 1 0 112 0 112
64 106 1410 6404704 63 0 1 0 112 0 112
65 107 1432 6404704 64 0 1 0 112 0 112
66 108 1454 6404704 65 0 1 0 112 0 112
67 109 1476 6404704 66 0 1 0 112 0 112
68 110 1498 6404704 67 0 1 0 112 0 112
69 111 1520 6404704 68 0 1 0 112 0 112
70 112 1542 6404704 69 0 1 0 112 0 112
71 113 1564 6404704 70 0 1 0 112 0 112
72 114 1586 6404704 71 0 1 0 112 0 112
73 115 1608 6404704 72 0 1 0 112 0 112
74 116 1630 6404704 73 0 1 0 112 0 112
75 117 1652 6404704 74 0 1 0 112 0 112
76 118 1674 6404704 75 0 1 0 112 0 112
77 119 1703 6404704 76 0 1 0 112 0 112
78 120 1725 6404704 77 0 1 0 112 0 112
79 121 1747 6404704 78 0 1 0 112 0 112
80 122 1769 6404704 79 0 1 0 112 0 112
81 123 1791 6404704 80 0 1 0 112 0 112
82 124 1813 6404704 81 0 1 0 112 0 112
83 125 1835 6404704 82 0 1 0 112 0 112
84 126 1857 6404704 83 0 1 0 112 0 112
85 127 1879 6404704 84 0 1 0 112 0 112
86 128 1901 6404704 85 0 1 0 112 0 112
87 129 1923 6404704 86 0 1 0 112 0 112
88 130 1945 6404704 87 0 1 0 112 0 112
89 131 1967 6404704 88 0 1 0 112 0 112
90 132 1989 6404704 89 0 1 0 112 0 112
91 133 2011 6404704 90 0 1 0 112 0 112
92 134 2033 6404704 91 0 1 0 112 0 112
93 135 2055 6404704 92 0 1 0 112 0 112
94 136 2077 6404704 93 0 1 0 112 0 112
95 137 2099 6404704 94 0 1 0 112 0 112
96 138 2121 6404704 95 0 1 0 112 0 112
97 139 2143 6404704 96 0 1 0 112 0 112
98 140 2165 6404704 97 0 1 0 112 0 112
99 141 2187 6404704 98 0 1 0 112 0 112
100 142 2209 6404704 99 0 1 0 112 0 112
101 143 2231 6404704 100 0 1 0 112 0 112
102 144 2253 6404704 101 0 1 0 112 0 112
103 145 2275 6404704 102 0 1 0 112 0 112
104 146 2297 6404704 103 0 1 0 112 0 112
105 147 2319 6404704 104 0 1 0 112 0 112
106 148 2341 6404704 105 0 1 0 112 0 112
107 149 2363 6404704 106 0 1 0 112 0 112
108 150 2385 6404704 107 0 1 0 112 0 112
109 151 2407 6404704 108 0 1 0 112 0 112
110 152 2429 6404704 109 0 1 0 112 0 112
111 153 2451 6404704 110 0 1 0 112 0 112
112 154 2473 6404704 111 0 1 0 112 0 112
113 155 2495 6404704 112 0 1 0 112 0 112
114 156 2517 6404704 113 0 1 0 112 0 112
115 157 2539 6404704 114 0 1 0 112 0 112
116 158 2561 6404704 115 0 1 0 112 0 112
117 159 2583 6404704 116 0 1 0 112 0 112
118 160 2605 6404704 117 0 1 0 112 0 112
119 161 2627 6404704 118 0 1 0 112 0 112
120 162 2649 6404704 119 0 1 0 112 0 112
121 163 2671 6404704 120 0 1 0 112 0 112
122 164 2693 6404704 121 0 1 0 112 0 112
123 165 2715 6404704 122 0 1 0 112 0 112
124 166 2737 6404704 123 0 1 0 112 0 112
125 167 2759 6404704 124 0 1 0 112 0 112
126 168 2781 6404704 125 0 1 0 112 0 112
127 169 2803 6404704 126 0 1 0 112 0 112
128 170 2825 6404704 127 0 1 0 112 0 112
129 171 2847 6404704 128 0 1 0 112 0 112
130 172 2869 6404704 129 0 1 0 112 0 112
131 173 2891 6404704 130 0 1 0 112 0 112
132 174 2913 6404704 131 0 1 0 112 0 112
133 175 2935 6404704 132 0 1 0 112 0 112
134 176 2957 6404704 133 0 1 0 112 0 112
135 177 2979 6404704 134 0 1 0 112 0 112
136 178 3001 6404704 135 0 1 0 112 0 112
137 179 3023 6404704 136 0 1 0 112 0 112
138 180 3045 6404704 137 0 1 0 112 0 112
139 181 3067 6404704 138 0 1 0 112 0 112
140 182 3089 6404704 139 0 1 0 112 0 112
141 183 3111 6404704 140 0 1 0 112 0 112
142 184 3133 6404704 141 0 1 0 112 0 112
143 185 3155 6404704 142 0 1 0 112 0 112
144 186 3177 6404704 143 0 1 0 112 0 112
145 187 3199 6404704 144 0 1 0 112 0 112
146 188 3221 6404704 145 0 1 0 112 0 112
147 189 3243 6404704 146 0 1 0 112 0 112
148 190 3265 6404704 147 0 1 0 112 0 112
149 191 3287 6404704 148 0 1 0 112 0 112
150 192 3309 6404704 149 0 1 0 112 0 112
151 193 3331 6404704 150 0 1 0 112 0 112
152 194 3353 6404704 151 0 1 0 112 0 112
153 195 3375 6404704 152 0 1 0 112 0 112
154 196 3397 6404704 153 0 1 0 112 0 112
155 197 3419 6404704 154 0 1 0 112 0 112
156 198 3441 6404704 155 0 1 0 112 0 112
157 199 3463 6404704 156 0 1 0 112 0 112
158 200 3485 6404704 157 0 1 0 112 0 112
159 201 3507 6404704 158 0 1 0 112 0 112
160 202 3529 6404704 159 0 1 0 112 0 112
161 203 3551 6404704 160 0 1 0 112 0 112
162 204 3573 6404704 161 0 1 0 112 0 112
163 205 3595 6404704 162 0 1 0 112 0 112
164 206 3617 6404704 163 0 1 0 112 0 112
165 207 3639 6404704 164 0 1 0 112 0 112
166 208 3661 6404704 165 0 1 0 112 0 112
167 209 3683 6404704 166 0 1 0 112 0 112
168 210 3705 6404704 167 0 1 0 112 0 112
169 211 3727 6404704 168 0 1 0 112 0 112
170 212 3749 6404704 169 0 1 0 112 0 112
171 213 3771 6404704 170 0 1 0 112 0 112
172 214 3793 6404704 171 0 1 0 112 0 112
173 215 3815 6404704 172 0 1 0 112 0 112
174 216 3837 6404704 173 0 1 0 112 0 112
175 217 3859 6404704 174 0 1 0 112 0 112
176 218 3881 6404704 175 0 1 0 112 0 112
177 219 3903 6404704 176 0 1 0 112 0 112
178 220 3925 6404704 177 0 1 0 112 0 112
179 221 3947 6404704 178 0 1 0 112 0 112
180 222 3969 6404704 179 0 1 0 112 0 112
181 223 3991 6404704 180 0 1 0 112 0 112
182 224 4013 6404704 181 0 1 0 112 0 112
183 225 4035 6404704 182 0 1 0 112 0 112
184 226 4057 6404704 183 0 1 0 112 0 112
185 227 4079 6404704 184 0 1 0 112 0 112
186 228 4101 6404704 185 0 1 0 112 0 112
187 229 4123 6404704 186 0 1 0 112 0 112
188 230 4145 6404704 187 0 1 0 112 0 112
189 231 4167 6404704 188 0 1 0 112 0 112
190 232 4189 6404704 189 0 1 0 112 0 112
191 233 4211 6404704 190 0 1 0 112 0 112
192 234 4233 6404704 191 0 1 0 112 0 112
193 235 4255 6404704 192 0 1 0 112 0 112
194 236 4277 6404704 193 0 1 0 112 0 112
195 237 4299 6404704 194 0 1 0 112 0 112
196 238 4321 6404704 195 0 1 0 112 0 112
197 239 4343 6404704 196 0 1 0 112 0 112
198 240 4365 6404704 197 0 1 0 112 0 112
199 241 4387 6404704 198 0 1 0 112 0 112
200 242 4409 6404704 199 0 1 0 112 0 112
201 243 4431 6404704 200 0 1 0 112 0 112
202 244 4453 6404704 201 0 1 0 112 0 112
203 245 4475 6404704 202 0 1 0 112 0 112
204 246 4497 6404704 203 0 1 0 112 0 112
205 247 4519 6404704 204 0 1 0 112 0 112
206 248 4541 6404704 205 0 1 0 112 0 112
207 249 4563 6404704 206 0 1 0 112 0 112
208 250 4585 6404704 207 0 1 0 112 0 112
209 251 4607 6404704 208 0 1 0 112 0 112
210 252 4629 6404704 209 0 1 0 112 0 112
211 253 4651 6404704 210 0 1 0 112 0 112
212 254 4673 6404704 211 0 1 0 112 0 112
213 255 4695 6404704 212 0 1 0 112 0 112
214 256 4717 6404704 213 0 1 0 112 0 112
215 257 4739 6404704 214 0 1 0 112 0 112
216 258 4761 6404704 215 0 1 0 112 0 112
217 259 4783 6404704 216 0 1 0 112 0 112
218 260 4805 6404704 217 0 1 0 112 0 112
219 261 4827 6404704 218 0 1 0 112 0 112
220 262 4849 6404704 219 0 1 0 112 0 112
221 263 4871 6404704 220 0 1 0 112 0 112
222 264 4893 6404704 221 0 1 0 112 0 112
223 265 4915 6404704 222 0 1 0 112 0 112
224 266 4937 6404704 223 0 1 0 112 0 112
225 267 4959 6404704 224 0 1 0 112 0 112
226 268 4981 6404704 225 0 1 0 112 0 112
227 269 5003 6404704 226 0 1 0 112 0 112
228 270 5025 6404704 227 0 1 0 112 0 112
229 271 5047 6404704 228 0 1 0 112 0 112
230 272 5069 6404704 229 0 1 0 112 0 112
231 273 5091 6404704 230 0 1 0 112 0 112
232 274 5113 6404704 231 0 1 0 112 0 112
233 275 5135 6404704 232 0 1 0 112 0 112
234 276 5157 6404704 233 0 1 0 112 0 112
235 277 5179 6404704 234 0 1 0 112 0 112
236 278 5201 6404704 235 0 1 0 112 0 112
237 279 5223 6404704 236 0 1 0 112 0 112
238 280 5245 6404704 237 0 1 0 112 0 112
239 281 5267 6404704 238 0 1 0 112 0 112
240 282 5289 6404704 239 0 1 0 112 0 112
241 283 5311 6404704 240 0 1 0 112 0 112
242 284 5333 6404704 241 0 1 0 112 0 112
243 285 5355 6404704 242 0 1 0 112 0 112
244 286 5377 6404704 243 0 1 0 112 0 112
245 287 5399 6404704 244 0 1 0 112 0 112
246 288 5421 6404704 245 0 1 0 112 0 112
247 289 5443 6404704 246 0 1 0 112 0 112
248 290 5465 6404704 247 0 1 0 112 0 112
249 291 5487 6404704 248 0 1 0 112 0 112
250 292 5509 6404704 249 0 1 0 112 0 112
251 293 5531 6404704 250 0 1 0 112 0 112
252 294 5553 6404704 251 0 1 0 112 0 112
253 295 5575 6404704 252 0 1 0 112 0 112
254 296 5597 6404704 253 0 1 0 112 0 112
255 297 5619 6404704 254 0 1 0 112 0 112
256 298 5641 6404704 255 0 1 0 112 0 112
257 299 5663 6404704 256 0 1 0 112 0 112
258 300 5685 6404704 257 0 1 0 112 0 112
259 301 5707 6404704 258 0 1 0 112 0 112
260 302 5729 6404704 259 0 1 0 112 0 112
261 303 5751 6404704 260 0 1 0 112 0 112
262 304 5773 6404704 261 0 1 0 112 0 112
263 305 5795 6404704 262 0 1 0 112 0 112
264 306 5817 6404704 263 0 1 0 112 0 112
265 307 5839 6404704 264 0 1 0 112 0 112
266 308 5861 6404704 265 0 1 0 112 0 112
267 309 5883 6404704 266 0 1 0 112 0 112
268 310 5905 6404704 267 0 1 0 112 0 112
269 311 5927 6404704 268 0 1 0 112 0 112
270 312 5949 6404704 269 0 1 0 112 0 112
271 313 5971 6404704 270 0 1 0 112 0 112
272 314 5993 6404704 271 0 1 0 112 0 112
273 315 6015 6404704 272 0 1 0 112 0 112
274 316 6037 6404704 273 0 1 0 112 0 112
275 317 6059 6404704 274 0 1 0 112 0 112
276 318 6081 6404704 275 0 1 0 112 0 112
277 319 6103 6404704 276 0 1 0 112 0 112
278 320 6125 6404704 277 0 1 0 112 0 112
279 321 6147 6404704 278 0 1 0 112 0 112
280 322 6169 6404704 279 0 1 0 112 0 112
281 323 6191 6404704 280 0 1 0 112 0 112
282 324 6213 6404704 281 0 1 0 112 0 112
283 325 6235 6404704 282 0 1 0 112 0 112
284 326 6257 6404704 283 0 1 0 112 0 112
285 327 6279 6404704 284 0 1 0 112 0 112
286 328 6301 6404704 285 0 1 0 112 0 112
287 329 6323 6404704 286 0 1 0 112 0 112
288 330 6345 6404704 287 0 1 0 112 0 112
289 331 6367 6404704 288 0 1 0 112 0 112
290 332 6389 6404704 289 0 1 0 112 0 112
291 333 6411 6404704 290 0 1 0 112 0 112
292 334 6433 6404704 291 0 1 0 112 0 112
293 335 6455 6404704 292 0 1 0 112 0 112
294 336 6477 6404704 293 0 1 0 112 0 112
295 337 6499 6404704 294 0 1 0 112 0 112
296 338 6521 6404704 295 0 1 0 112 0 112
297 339 6543 6404704 296 0 1 0 112 0 112
298 340 6565 6404704 297 0 1 0 112 0 112
299 341 6587 6404704 298 0 1 0 112 0 112
300 342 6609 6404704 299 0 1 0 112 0 112
301 343 6631 6404704 300 0 1 0 112 0 112
302 344 6653 6404704 301 0 1 0 112 0 112
303 345 6675 6404704 302 0 1 0 112 0 112
304 346 6697 6404704 303 0 1 0 112 0 112
305 347 6719 6404704 304 0 1 0 112 0 112
306 348 6741 6404704 305 0 1 0 112 0 112
307 349 6763 6404704 306 0 1 0 112 0 112
308 350 6785 6404704 307 0 1 0 112 0 112
309 351 6807 6404704 308 0 1 0 112 0 112
310 352 6829 6404704 309 0 1 0 112 0 112
311 353 6851 6404704 310 0 1 0 112 0 112
312 354 6873 6404704 311 0 1 0 112 0 112
313 355 6895 6404704 312 0 1 0 112 0 112
314 356 6917 6404704 313 0 1 0 112 0 112
315 357 6939 6404704 314 0 1 0 112 0 112
316 358 6961 6404704 315 0 1 0 112 0 112
317 359 6983 6404704 316 0 1 0 112 0 112
318 360 7005 6404704 317 0 1 0 112 0 112
319 361 7027 6404704 318 0 1 0 112 0 112
320 362 7049 6404704 319 0 1 0 112 0 112
321 363 7071 6404704 320 0 1 0 112 0 112
322 364 7093 6404704 321 0 1 0 112 0 112
323 365 7115 6404704 322 0 1 0 112 0 112
324 366 7137 6404704 323 0 1 0 112 0 112
325 367 7159 6404704 324 0 1 0 112 0 112
326 368 7181 6404704 325 0 1 0 112 0 112
327 369 7203 6404704 326 0 1 0 112 0 112
328 370 7225 6404704 327 0 1 0 112 0 112
329 371 7247 6404704 328 0 1 0 112 0 112
330 372 7269 6404704 329 0 1 0 112 0 112
331 373 7291 6404704 330 0 1 0 112 0 112
332 374 7313 6404704 331 0 1 0 112 0 112
333 375 7335 6404704 332 0 1 0 112 0 112
334 376 7357 6404704 333 0 1 0 112 0 112
335 377 7379 6404704 334 0 1 0 112 0 112
336 378 7401 6404704 335 0 1 0 112 0 112
337 379 7423 6404704 336 0 1 0 112 0 112
338 380 7445 6404704 337 0 1 0 112 0 112
339 381 7467 6404704 338 0 1 0 112 0 112
340 382 7489 6404704 339 0 1 0 112 0 112
341 383 7511 6404704 340 0 1 0 112 0 112
342 384 7533 6404704 341 0 1 0 112 0 112
343 385 7555 6404704 342 0 1 0 112 0 112
344 386 7577 6404704 343 0 1 0 112 0 112
345 387 7599 6404704 344 0 1 0 112 0 112
346 388 7621 6404704 345 0 1 0 112 0 112
347 389 7643 6404704 346 0 1 0 112 0 112
348 390 7665 6404704 347 0 1 0 112 0 112
349 391 7687 6404704 348 0 1 0 112 0 112
350 392 7709 6404704 349 0 1 0 112 0 112
351 393 7731 6404704 350 0 1 0 112 0 112
352 394 7753 6404704 351 0 1 0 112 0 112
353 395 7775 6404704 352 0 1 0 112 0 112
354 396 7797 6404704 353 0 1 0 112 0 112
355 397 7819 6404704 354 0 1 0 112 0 112
356 398 7841 6404704 355 0 1 0 112 0 112
357 399 7863 6404704 356 0 1 0 112 0 112
358 400 7885 6404704 357 0 1 0 112 0 112
359 401 7907 6404704 358 0 1 0 112 0 112
360 402 7929 6404704 359 0 1 0 112 0 112
361 403 7951 6404704 360 0 1 0 112 0 112
362 404 7973 6404704 361 0 1 0 112 0 112
363 405 7995 6404704 362 0 1 0 112 0 112
364 406 8017 6404704 363 0 1 0 112 0 112
365 407 8039 6404704 364 0 1 0 112 0 112
366 408 8061 6404704 365 0 1 0 112 0 112
367 409 8083 6404704 366 0 1 0 112 0 112
368 410 8105 6404704 367 0 1 0 112 0 112
369 411 8127 6404704 368 0 1 0 112 0 112
370 412 8149 6404704 369 0 1 0 112 0 112
371 413 8171 6404704 370 0 1 0 112 0 112
372 414 8193 6404704 371 0 1 0 112 0 112
373 415 8215 6404704 372 0 1 0 112 0 112
374 416 8237 6404704 373 0 1 0 112 0 112
375 417 8259 6404704 374 0 1 0 112 0 112
376 418 8281 6404704 375 0 1 0 112 0 112
377 419 8303 6404704 376 0 1 0 112 0 112
378 420 8325 6404704 377 0 1 0 112 0 112
379 421 8347 6404704 378 0 1 0 112 0 112
380 422 8369 6404704 379 0 1 0 112 0 112
381 423 8391 6404704 380 0 1 0 112 0 112
382 424 8413 6404704 381 0 1 0 112 0 112
383 425 8435 6404704 382 0 1 0 112 0 112
384 426 8457 6404704 383 0 1 0 112 0 112
385 427 8479 6404704 384 0 1 0 112 0 112
386 428 8501 6404704 385 0 1 0 112 0 112
387 429 8523 6404704 386 0 1 0 112 0 112
388 430 8545 6404704 387 0 1 0 112 0 112
389 431 8567 6404704 388 0 1 0 112 0 112
390 432 8589 6404704 389 0 1 0 112 0 112
391 433 8611 6404704 390 0 1 0 112 0 112
392 434 8633 6404704 391 0 1 0 112 0 112
393 435 8655 6404704 392 0 1 0 112 0 112
394 436 8677 6404704 393 0 1 0 112 0 112
395 437 8699 6404704 394 0 1 0 112 0 112
396 438 8721 6404704 395 0 1 0 112 0 112
397 439 8743 6404704 396 0 1 0 112 0 112
398 440 8765 6404704 397 0 1 0 112 0 112
399 441 8787 6404704 398 0 1 0 112 0 112
400 442 8809 6404704 399 0 1 0 112 0 112
401 443 8831 6404704 400 0 1 0 112 0 112
402 444 8853 6404704 401 0 1 0 112 0 112
403 445 8875 6404704 402 0 1 0 112 0 112
404 446 8897 6404704 403 0 1 0 112 0 112
405 447 8919 6404704 404 0 1 0 112 0 112
406 448 8941 6404704 405 0 1 0 112 0 112
407 449 8963 6404704 406 0 1 0 112 0 112
408 450 8985 6404704 407 0 1 0 112 0 112
409 451 9007 6404704 408 0 1 0 112 0 112
410 452 9029 6404704 409 0 1 0 112 0 112
411 453 9051 6404704 410 0 1 0 112 0 112
412 454 9073 6404704 411 0 1 0 112 0 112
413 455 9095 6404704 412 0 1 0 112 0 112
414 456 9117 6404704 413 0 1 0 112 0 112
415 457 9139 6404704 414 0 1 0 112 0 112
416 458 9161 6404704 415 0 1 0 112 0 112
417 459 9183 6404704 416 0 1 0 112 0 112
418 460 9205 6404704 417 0 1 0 112 0 112
419 461 9227 6404704 418 0 1 0 112 0 112
420 462 9249 6404704 419 0 1 0 112 0 112
421 463 9271 6404704 420 0 1 0 112 0 112
422 464 9293 6404704 421 0 1 0 112 0 112
423 465 9315 6404704 422 0 1 0 112 0 112
424 466 9337 6404704 423 0 1 0 112 0 112
425 467 9359 6404704 424 0 1 0 112 0 112
426 468 9381 6404704 425 0 1 0 112 0 112
427 469 9403 6404704 426 0 1 0 112 0 112
428 470 9425 6404704 427 0 1 0 112 0 112
429 471 9447 6404704 428 0 1 0 112 0 112
430 472 9469 6404704 429 0 1 0 112 0 112
431 473 9491 6404704 430 0 1 0 112 0 112
432 474 9513 6404704 431 0 1 0 112 0 112
433 475 9535 6404704 432 0 1 0 112 0 112
434 476 9557 6404704 433 0 1 0 112 0 112
435 477 9579 6404704 434 0 1 0 112 0 112
436 478 9601 6404704 435 0 1 0 112 0 112
437 479 9623 6404704 436 0 1 0 112 0 112
438 480 9645 6404704 437 0 1 0 112 0 112
439 481 9667 6404704 438 0 1 0 112 0 112
440 482 9689 6404704 439 0 1 0 112 0 112
441 483 9711 6404704 440 0 1 0 112 0 112
442 484 9733 6404704 441 0 1 0 112 0 112
443 485 9755 6404704 442 0 1 0 112 0 112
444 486 9777 6404704 443 0 1 0 112 0 112
445 487 9799 6404704 444 0 1 0 112 0 112
446 488 9821 6404704 445 0 1 0 112 0 112
447 489 9843 6404704 446 0 1 0 112 0 112
448 490 9865 6404704 447 0 1 0 112 0 112
449 491 9887 6404704 448 0 1 0 112 0 112
450 492 9909 6404704 449 0 1 0 112 0 112
451 493 9931 6404704 450 0 1 0 112 0 112
452 494 9953 6404704 451 0 1 0 112 0 112
453 495 9975 6404704 452 0 1 0 112 0 112
454 496 9997 6404704 453 0 1 0 112 0 112
455 497 10019 6404704 454 0 1 0 112 0 112
456 498 10041 6404704 455 0 1 0 112 0 112
457 499 10063 6404704 456 0 1 0 112 0 112
458 500 10085 6404704 457 0 1 0 112 0 112
459 501 10107 6404704 458 0 1 0 112 0 112
460 502 10129 6404704 459 0 1 0 112 0 112
461 503 10151 6404704 460 0 1 0 112 0 112
462 504 10173 6404704 461 0 1 0 112 0 112
463 505 10195 6404704 462 0 1 0 112 0 112
464 506 10217 6404704 463 0 1 0 112 0 112
465 507 10239 6404704 464 0 1 0 112 0 112
466 508 10261 6404704 465 0 1 0 112 0 112
467 509 10283 6404704 466 0 1 0 112 0 112
468 510 10305 6404704 467 0 1 0 112 0 112
469 511 10327 6404704 468 0 1 0 112 0 112
470 512 10349 6404704 469 0 1 0 112 0 112
471 513 10371 6404704 470 0 1 0 112 0 112
472 514 10393 6404704 471 0 1 0 112 0 112
473 515 10415 6404704 472 0 1 0 112 0 112
474 516 10437 6404704 473 0 1 0 112 0 112
475 517 10459 6404704 474 0 1 0 112 0 112
476 518 10481 6404704 475 0 1 0 112 0 112
477 519 10503 6404704 476 0 1 0 112 0 112
478 520 10525 6404704 477 0 1 0 112 0 112
479 521 10547 6404704 478 0 1 0 112 0 112
480 522 10569 6404704 479 0 1 0 112 0 112
481 523 10591 6404704 480 0 1 0 112 0 112
482 524 10613 6404704 481 0 1 0 112 0 112
483 525 10635 6404704 482 0 1 0 112 0 112
484 526 10657 6404704 483 0 1 0 112 0 112
485 527 10679 6404704 484 0 1 0 112 0 112
486 528 10701 6404704 485 0 1 0 112 0 112
487 529 10723 6404704 486 0 1 0 112 0 112
488 530 10745 6404704 487 0 1 0 112 0 112
489 531 10767 6404704 488 0 1 0 112 0 112
490 532 10789 6404704 489 0 1 0 112 0 112
491 533 10811 6404704 490 0 1 0 112 0 112
492 534 10833 6404704 491 0 1 0 112 0 112
493 535 10855 6404704 492 0 1 0 112 0 112
494 536 10877 6404704 493 0 1 0 112 0 112
495 537 10899 6404704 494 0 1 0 112 0 112
496 538 10921 6404704 495 0 1 0 112 0 112
497 539 10943 6404704 496 0 1 0 112 0 112
498 540 10965 6404704 497 0 1 0 112 0 112
499 541 10987 6404704 498 0 1 0 112 0 112
500 542 11009 6404704 499 0 1 0 112 0 112
501 543 11031 6404704 500 0 1 0 112 0 112
502 544 11053 6404704 501 0 1 0 112 0 112
503 545 11075 6404704 502 0 1 0 112 0 112
504 546 11097 6404704 503 0 1 0 112 0 112
505 547 11119 6404704 504 0 1 0 112 0 112
506 548 11141 6404704 505 0 1 0 112 0 112
507 549 11163 6404704 506 0 1 0 112 0 112
508 550 11185 6404704 507 0 1 0 112 0 112
509 551 11207 6404704 508 0 1 0 112 0 112
510 552 11229 6404704 509 0 1 0 112 0 112
511 553 11251 6404704 510 0 1 0 112 0 112
512 554 11273 6404704 511 0 1 0 112 0 112
513 555 11295 6404704 512 0 1 0 112 0 112
514 556 11317 6404704 513 0 1 0 112 0 112
515 557 11339 6404704 514 0 1 0 112 0 112
516 558 11361 6404704 515 0 1 0 112 0 112
517 559 11383 6404704 516 0 1 0 112 0 112
518 560 11405 6404704 517 0 1 0 112 0 112
519 561 11427 6404704 518 0 1 0 112 0 112
520 562 11449 6404704 519 0 1 0 112 0 112
521 563 11471 6404704 520 0 1 0 112 0 112
522 564 11493 6404704 521 0 1 0 112 0 112
523 565 11515 6404704 522 0 1 0 112 0 112
524 566 11537 6404704 523 0 1 0 112 0 112
525 567 11559 6404704 524 0 1 0 112 0 112
526 568 11581 6404704 525 0 1 0 112 0 112
527 569 11603 6404704 526 0 1 0 112 0 112
528 570 11625 6404704 527 0 1 0 112 0 112
529 571 11647 6404704 528 0 1 0 112 0 112
530 572 11669 6404704 529 0 1 0 112 0 112
531 573 11691 6404704 530 0 1 0 112 0 112
532 574 11713 6404704 531 0 1 0 112 0 112
533 575 11735 6404704 532 0 1 0 112 0 112
534 576 11757 6404704 533 0 1 0 112 0 112
535 577 11779 6404704 534 0 1 0 112 0 112
536 578 11801 6404704 535 0 1 0 112 0 112
537 579 11823 6404704 536 0 1 0 112 0 112
538 580 11845 6404704 537 0 1 0 112 0 112
539 581 11867 6404704 538 0 1 0 112 0 112
540 582 11889 6404704 539 0 1 0 112 0 112
541 583 11911 6404704 540 0 1 0 112 0 112
542 584 11933 6404704 541 0 1 0 112 0 112
543 585 11955 6404704 542 0 1 0 112 0 112
544 586 11977 6404704 543 0 1 0 112 0 112
545 587 11999 6404704 544 0 1 0 112 0 112
546 588 12021 6404704 545 0 1 0 112 0 112
547 589 12043 6404704 546 0 1 0 112 0 112
548 590 12065 6404704 547 0 1 0 112 0 112
549 591 12087 6404704 548 0 1 0 112 0 112
550 592 12109 6404704 549 0 1 0 112 0 112
551 593 12131 6404704 550 0 1 0 112 0 112
552 594 12153 6404704 551 0 1 0 112 0 112
553 595 12175 6404704 552 0 1 0 112 0 112
554 596 12197 6404704 553 0 1 0 112 0 112
555 597 12219 6404704 554 0 1 0 112 0 112
556 598 12241 6404704 555 0 1 0 112 0 112
557 599 12263 6404704 556 0 1 0 112 0 112
558 600 12313 6404704 557 0 1 0 112 0 112
559 601 12363 6404704 558 0 1 0 112 0 112
560 602 12413 6404704 559 0 1 0 112 0 112
561 603 12463 6404704 560 0 1 0 112 0 112
# E8 BURST SERIES TAIL COMPLETE
