POLL t=10.8 tick=600
8333333
439721978389962	439721990713608	439721978672723
439721995247462	439722007149441	439721995530275
439722012079285	439722023585067	439722012306056
439722028741629	439722040019910	439722029016369
439722045113400	439722056455639	439722045390744
439722061768869	439722072892254	439722062041994
439722078615744	439722089326733	439722078896681
439722095290275	439722105759910	439722095573192
439722111682931	439722122197253	439722111967619
439722128584025	439722146852618	439722128879598
439722145371837	439722163289181	439722145668712
439722161962306	439722179725535	439722162237723
439722178600744	439722196160431	439722178907723
439722195212723	439722212595014	439722195499962
439722211743712	439722229027358	439722212013400
439722228656785	439722245459858	439722228935431
439722245255744	439722261892618	439722245578869
439722262064754	439722278324702	439722262344754
439722278714494	439722294756628	439722278996681
439722295459181	439722311188816	439722295732775
439722311869806	439722327621629	439722312154025
439722328851056	439722344052827	439722329133244
439722345240848	439722360484805	439722345515744
439722361892619	439722376915952	439722362169754
439722378745744	439722393350066	439722379026212
439722395357306	439722409782358	439722395665587
439722411758087	439722426214545	439722412059806
439722428740431	439722442646160	439722429025744
439722445423816	439722459077774	439722445708400
439722462005691	439722475510014	439722462276212
439722478579962	439722491943815	439722478851316
439722495463348	439722508376524	439722495768243
439722511786629	439722524809753	439722512083400
439722528708712	439722541241003	439722528990743
439722545298973	439722557673555	439722545573035
439722561964181	439722574106785	439722562245535
439722578425275	439722590542462	439722578703712
439722595293712	439722606977566	439722595570379
439722612697931	439722623412827	439722612992566
439722628642931	439722639847878	439722628943660
439722645132931	439722656281889	439722645416681
439722662069025	439722672714962	439722662360275
439722678771837	439722689145847	439722679056473
439722695434285	439722713793555	439722695718712
439722711942618	439722722009441	439722712227150
439722728501681	439722746658139	439722728797879
439722745251993	439722763089285	439722745527931
439722761900223	439722779521889	439722762171525
439722778557879	439722795956680	439722778833712
439722795117098	439722812388555	439722795400223
439722812562306	439722828819441	439722812842879
439722828613348	439722845250900	439722828937723
439722845371629	439722861683712	439722845554181
439722861916212	439722878115899	439722862195118
439722878631681	439722894550014	439722878930743
439722895363400	439722910984337	439722895655848
439722912477150	439722927416681	439722912742775
439722928662722	439722943848711	439722928971681
439722945164493	439722960280170	439722945450587
439722961957879	439722976710534	439722962250743
439722978639441	439722993142306	439722978923712
439722995229650	439723009574337	439722995511472
439723012508504	439723026005170	439723012791837
439723028564806	439723042438555	439723028857097
439723045337566	439723058868816	439723045617462
439723061906941	439723075297618	439723062180691
439723078556629	439723091729910	439723078833347
439723095396160	439723108161576	439723095670535
439723112618191	439723124592253	439723112898868
439723128560899	439723141022931	439723128837774
439723145235847	439723157455586	439723145502566
439723161946472	439723173884857	439723162219649
439723178632462	439723190313086	439723178916368
439723195216368	439723206744753	439723195492931
439723212570587	439723223177462	439723212853035
439723228526785	439723239609857	439723228810066
439723245267306	439723256041368	439723245569181
439723262020899	439723280689701	439723262316056
439723278585743	439723297122410	439723278896837
439723295410379	439723313556576	439723295697566
439723312629649	439723329990117	439723312905587
439723328965743	439723346422305	439723329221524
439723345542931	439723362855639	439723345816472
439723362412879	439723379289858	439723362685431
439723379059493	439723395722305	439723379404493
439723395737462	439723412152774	439723396021837
439723413009337	439723428585691	439723413293347
439723429285118	439723445017097	439723429556212
439723445987462	439723461447357	439723446284181
439723462782306	439723477876055	439723463061681
439723479250118	439723494307930	439723479531368
439723495969181	439723510738712	439723496256837
439723513307618	439723527167878	439723513580587
439723529596472	439723543595847	439723529879806
439723546130899	439723560026836	439723546410587
439723562702306	439723576456472	439723562979754
439723579525691	439723592885482	439723579801316
439723596465535	439723609315899	439723596746993
439723610785899	439723625745482	439723611073399
439723632395743	439723650389961	439723632664285
439723647399806	439723658604440	439723647680743
439723662879649	439723675035899	439723663164181
439723679678087	439723691467045	439723679939910
439723696325899	439723707897253	439723696613243
439723713533399	439723724328920	439723713820118
439723729460847	439723740760065	439723729736368
439723746051681	439723757192721	439723746333556
439723762890222	439723773628139	439723763170743
439723779627462	439723790062982	439723779912566
439723796114597	439723814715169	439723796334180
439723813061680	439723831149023	439723813341785
439723829172774	439723847583607	439723829477097
439723845849180	439723864017409	439723846113868
439723862448712	439723880449909	439723862724024
439723877670118	439723888665534	439723877936680
439723906865691	439723921527826	439723907134493
439723907337097	439723929742148	439723907414805
439723940909024	439723954386211	439723941182097
439723943644597	439723962601523	439723943937305
439723967963347	439723979032774	439723968226160
439723980816472	439723995464597	439723981095743
439723997464180	439724011895743	439723997750743
439724014920743	439724028328138	439724015200222
439724031049649	439724044756888	439724031322930
439724047518503	439724061187773	439724047783035
439724064160118	439724077620118	439724064437149
439724081000430	9223372036854775807	439724081265587

POLL t=21.9 tick=1201
8333333
439733229072146	439733246354332	439733229363708
439733245820114	439733262786780	439733246115531
439733262290687	439733279217353	439733262599489
439733278978031	439733295645219	439733279329802
439733295660739	439733312074853	439733295955375
439733311991521	439733328504072	439733312275583
439733328348552	439733344934124	439733328627458
439733345678187	439733361365479	439733345969802
439733361215062	439733377797770	439733361518239
439733378050739	439733394231624	439733378341312
439733394905062	439733410663447	439733395209593
439733411432458	439733427095478	439733411734177
439733427935114	439733443528916	439733428214281
439733445063187	439733459960895	439733445366989
439733461627771	439733476395635	439733461805531
439733478195114	439733492829905	439733478499802
439733494746625	439733509264489	439733495037458
439733511262718	439733525698239	439733511543187
439733527958083	439733542131624	439733528250739
439733545227927	439733558566416	439733545533864
439733561396521	439733574998864	439733561694646
439733578086989	439733591430218	439733578363812
439733594577146	439733607861364	439733594875375
439733611187458	439733624293864	439733611484802
439733628187927	439733640727822	439733628494645
439733645340270	439733657160895	439733645637718
439733661400531	439733673592145	439733661685583
439733677920270	439733690024020	439733678206208
439733694731364	439733706454697	439733695031208
439733711386052	439733722886728	439733711667718
439733728112927	439733739317927	439733728395739
439733745327614	439733763963186	439733745625114
439733762394489	439733780394802	439733762693968
439733779034177	439733796826051	439733779330687
439733795758812	439733813261364	439733796083500
439733812599333	439733829697093	439733812906520
439733829097875	439733846130531	439733829392093
439733846165895	439733862564801	439733846450114
439733862161156	439733878999697	439733862440427
439733879028864	439733895434541	439733879299645
439733894930531	439733911870114	439733895219020
439733911626000	439733928303707	439733911997927
439733928223395	439733944737405	439733928511989
439733945539020	439733961169645	439733945831364
439733961757614	439733977600999	439733962066989
439733978339906	439733994033656	439733978676625
439733995012770	439734010467458	439733995299645
439734011963187	439734026897926	439734012227302
439734028351364	439734043332822	439734028643552
439734045629333	439734059767249	439734045926208
439734061677562	439734076200739	439734061941364
439734078428343	439734092633811	439734078724645
439734095031052	439734109068238	439734095308708
439734111783968	439734125502927	439734112067302
439734128335218	439734141938499	439734128622302
439734145501520	439734158375322	439734145804177
439734161660427	439734174811832	439734161955999
439734178461677	439734191247041	439734178747406
439734195003083	439734207683655	439734195304802
439734211629124	439734224116728	439734211929906
439734228408552	439734240551051	439734228713812
439734245640999	439734256986520	439734245938343
439734261732249	439734273420999	439734262020062
439734278328031	439734289857822	439734278605270
439734294908395	439734306293603	439734295197614
439734311688708	439734322726989	439734311986156
439734328414020	439734339163186	439734328710062
439734345604489	439734363817353	439734345890531
439734362716781	439734380254176	439734363010062
439734379348239	439734396691832	439734379661833
439734396258083	439734413127926	439734396556208
439734412926989	439734429564540	439734413231468
439734429496208	439734445998916	439734429791989
439734446370218	439734462431416	439734446662562
439734462008395	439734478865530	439734462297770
439734479062301	439734495300270	439734479328395
439734495058864	439734511736676	439734495421781
439734511750583	439734528172249	439734512046156
439734528262718	439734544605791	439734528531833
439734545645426	439734561040426	439734545898968
439734561922926	439734577476415	439734562207562
439734578569489	439734593908864	439734578854593
439734595154958	439734610340739	439734595436208
439734611834333	439734626774228	439734612126051
439734628571051	439734643208551	439734628859489
439734645634645	439734659641520	439734645926520
439734661839749	439734676073290	439734662115583
439734678452926	439734692504540	439734678741364
439734695103031	439734708934436	439734695398551
439734711956833	439734725363603	439734712266780
439734728760687	439734741795374	439734729045426
439734745811208	439734758227301	439734746104020
439734761787770	439734774656520	439734762079020
439734778557562	439734791087717	439734778824280
439734795325114	439734807520842	439734795601364
439734812033239	439734823951467	439734812293395
439734828597874	439734840381832	439734828872770
439734845562301	439734856812301	439734845838239
439734861770530	439734873243759	439734862065270
439734878391364	439734889675739	439734878683239
439734895193968	439734906110478	439734895483083
439734911835895	439734922543499	439734912141208
439734928460218	439734938975529	439734928754176
439734945573082	439734963622249	439734945866468
439734962867770	439734980054749	439734963159905
439734979569957	439734996485894	439734979866312
439734995944801	439735012915686	439734996243707
439735012557926	439735029346520	439735012838551
439735029224489	439735045777614	439735029512301
439735045733551	439735062212145	439735046030895
439735061302926	439735078645061	439735061591676
439735077629280	439735095078811	439735077916989
439735094505895	439735111511155	439735094806155
439735111411676	439735127944279	439735111683864
439735128257562	439735144377873	439735128552301
439735145112301	439735160809436	439735145410218
439735161384905	439735177241727	439735161665582
439735178050582	439735193674852	439735178324489
439735194809749	439735210104123	439735195068082
439735211416468	439735226533290	439735211700530
439735228250895	439735242962874	439735228450270
439735245192405	439735259393864	439735245488343
439735261452614	439735275824645	439735261739957
439735277970426	439735292256207	439735278266051
439735294823551	439735308685998	439735295105843
439735310275739	439735325117301	439735310574489
439735327041832	9223372036854775807	439735327328864

POLL t=33.3 tick=1626
8333333
439744953796985	439744971225474	439744954174485
439744970504016	439744987656880	439744970869172
439744987206777	439745004087141	439744987554641
439745003887402	439745020518026	439745004258808
439745020476777	439745045161933	439745028646777
439745044068027	439745061593026	439745044316985
439745053821933	439745069809588	439745054276777
439745070582714	439745086240474	439745070964016
439745087179485	439745102671672	439745087531047
439745103790370	439745119104485	439745104155683
439745120565995	439745143751880	439745129982297
439745144350735	439745160186360	439745144619329
439745153837454	439745168403964	439745154199954
439745170525995	439745184839901	439745170868495
439745187148547	439745201274276	439745187497610
439745203880110	439745217707036	439745204233235
439745220555891	439745242352037	439745228590266
439745244139641	439745258784485	439745244407610
439745253822922	439745267001255	439745254193651
439745270582454	439745283437558	439745270896204
439745287202141	439745299873599	439745287537610
439745303882297	439745316306672	439745304243495
439745320550110	439745340957922	439745328993964
439745344233391	439745357393808	439745344499641
439745353836151	439745365610943	439745354197297
439745370623860	439745382044589	439745370983235
439745387182766	439745398476620	439745387542922
439745403803547	439745414909484	439745404174016
439745420586828	439745439560578	439745428563078
439745444390058	439745455994276	439745444696360
439745453874797	439745464210891	439745454238860
439745470554172	439745480641098	439745470887453
439745487237766	439745505290161	439745487606516
439745503913078	439745521721620	439745504293860
439745520583078	439745546370995	439745530761985
439745545353495	439745562800214	439745545620995
439745553982922	439745571014796	439745554182766
439745570579120	439745587445630	439745570955110
439745587223078	439745603876984	439745587593339
439745604083964	439745620306568	439745604287558
439745620575995	439745644951724	439745632919641
439745644068183	439745661383286	439745644294641
439745653905214	439745669599953	439745654088026
439745670607089	439745686031359	439745670959745
439745687261672	439745702461828	439745687614016
439745703921776	439745718892193	439745704278183
439745720812297	439745751752713	439745733785370
439745744349120	439745759967922	439745744661985
439745753892245	439745768184328	439745754243860
439745770641985	439745784619120	439745770979745
439745787275735	439745801053338	439745787623547
439745803872453	439745817489120	439745804240058
439745820573183	439745850359484	439745833091620
439745845353703	439745858575838	439745845633807
439745853932922	439745866792192	439745854278078
439745870584432	439745883226672	439745870941672
439745887250839	439745899661307	439745887597557
439745903921776	439745916096412	439745904289328
439745920623807	439745932531099	439745920990735
439745937310370	439745948964067	439745937903547
439745962064797	439745973612870	439745962310891
439745970560995	439745981828598	439745970917610
439745987246672	439745998258755	439745987607453
439746003875578	439746014689797	439746004240735
439746020607610	439746031119797	439746020992766
439746037219172	439746055762713	439746038877766
439746061178964	439746072195474	439746061465839
439746070598547	439746088628234	439746070950891
439746087259797	439746105058025	439746087624953
439746103945682	439746121490005	439746104323859
439746120578547	439746146138859	439746132084641
439746145377297	439746162571463	439746145674953
439746153963339	439746170786255	439746154218703
439746170659432	439746187214120	439746171023234
439746187246464	439746203645213	439746187597922
439746203984901	439746220077193	439746204367141
439746220670109	439746236511724	439746221025891
439746237316464	439746252945265	439746238589641
439746261036828	439746277594692	439746261308182
439746270616359	439746285812401	439746271002609
439746287381047	439746302249224	439746287705422
439746304046151	439746318681984	439746304377453
439746320682141	439746335114380	439746321057401
439746337349276	439746359764484	439746342479016
439746361285266	439746376196671	439746361565370
439746370633339	439746384412713	439746370996203
439746387370057	439746400844328	439746387724016
439746404075891	439746417276723	439746404401828
439746420676672	439746433705421	439746421031203
439746437305734	439746450135369	439746437656307
439746453975891	439746466565629	439746455541151
439746478099953	439746491210317	439746478381984
439746487319797	439746499425577	439746487679276
439746503979016	439746515854848	439746504329641
439746520672766	439746532283129	439746521026359
439746537389432	439746548714432	439746537744276
439746554038807	439746573363755	439746562242453
439746577778703	439746589794276	439746578058078
439746587330734	439746598009484	439746587687609
439746603999953	439746614440109	439746604374328
439746620616776	439746639085317	439746620976359
439746637330682	439746655514848	439746637698547
439746653995578	439746680162140	439746667581047
439746678532245	439746696592349	439746678838963
439746687325734	439746704806827	439746687583391
439746703998078	439746721239848	439746704372245
439746720691515	439746737672504	439746721065265
439746737330265	439746754102921	439746737694640
439746753955734	439746770532817	439746754330265
439746770673547	439746786962452	439746773823234
439746794588859	439746811608442	439746794873078
439746803934015	439746819823598	439746804301620
439746820602557	439746836252140	439746820960213
439746837301203	439746852682400	439746837649328
439746854003234	439746869110577	439746854349953
439746870704120	439746893755994	439746883586307
439746894249328	439746910185473	439746894528078
439746903960057	439746918399901	439746904302140
439746920721359	439746934827973	439746921086620
439746937327140	439746951256255	439746937678859
439746953960057	439746967686463	439746954309953
439746970651151	439746984119119	439746971040109
439746987325682	439747000553702	439746988314797
439747011201151	439747025202921	439747011473390
439747020693495	439747033420369	439747021053078
439747037316047	439747049853911	439747037678390
439747053954015	9223372036854775807	439747054313807

POLL t=45.1 tick=1723
8333333
439756521396772	439756539927762	439756521765887
439756538145574	439756564577761	439756553013699
439756554887293	439756572794376	439756555116043
439756578425105	439756589228021	439756578702866
439756588069324	439756605662240	439756588393960
439756604725574	439756622099167	439756605094897
439756621447137	439756638535469	439756621811355
439756638075678	439756654972188	439756638444168
439756654681928	439756671408855	439756658820105
439756678679637	439756696065677	439756678979741
439756688070887	439756704284168	439756688810262
439756704734949	439756720719480	439756705099949
439756721394272	439756737152084	439756721751928
439756738054793	439756753586251	439756738426980
439756754819585	439756778236407	439756765228855
439756778962449	439756794672032	439756779235574
439756788126460	439756802890938	439756788466668
439756804715730	439756819327552	439756805062710
439756821397293	439756835762709	439756821753699
439756838092605	439756852197240	439756838442293
439756854787137	439756868633959	439756855159012
439756871449897	439756885067969	439756874770887
439756895573543	439756909713750	439756895855678
439756904665210	439756917929428	439756905048074
439756921470418	439756934361199	439756921816980
439756938112605	439756950794011	439756938480210
439756954768230	439756967229115	439756955119168
439756971394480	439757000093438	439756984353960
439756996822137	439757008309011	439756997103855
439757004745262	439757016524740	439757005103803
439757021440730	439757032955730	439757021791199
439757038073074	439757049386719	439757038428855
439757054732084	439757065815887	439757055096980
439757071453543	439757082246772	439757071813022
439757088136459	439757106895782	439757092094116
439757112393178	439757123329636	439757112678543
439757121393647	439757139763438	439757121762762
439757138113647	439757156198177	439757138504480
439757154793491	439757172634480	439757155141980
439757171404324	439757189067501	439757171766980
439757188092709	439757213717032	439757200536668
439757213465366	439757230150418	439757213859480
439757221503386	439757238367240	439757221761199
439757238144949	439757254798802	439757238526668
439757254734480	439757271230730	439757255090209
439757271463855	439757287663073	439757271823959
439757288132241	439757304092605	439757288490730
439757304820418	439757328737240	439757312419636
439757328772761	439757345167397	439757329052449
439757338050105	439757353382918	439757338474428
439757354843334	439757369812917	439757355191043
439757371480261	439757386243125	439757371834897
439757388213855	439757402673126	439757388565834
439757404783230	439757435539376	439757420110678
439757421434011	439757443755990	439757421704584
439757446181355	439757460188698	439757446451824
439757454769168	439757468405469	439757455127449
439757471445886	439757484837501	439757471794793
439757488168543	439757501265834	439757488519272
439757504812605	439757517695313	439757505163386
439757521478647	439757542341771	439757526886928
439757546675834	439757558772188	439757546945053
439757554797761	439757566987761	439757555146668
439757571518543	439757583416355	439757571858230
439757588214949	439757599844845	439757588585522
439757604837709	439757632703855	439757623275574
439757621688022	439757640918021	439757623286147
439757646647084	439757657347970	439757646934324
439757654876928	439757665563802	439757655231511
439757671485730	439757681993229	439757671825365
439757688162449	439757706637449	439757688509011
439757704882761	439757723069896	439757705261511
439757721472397	439757747715782	439757736034636
439757738115365	439757755932292	439757738388074
439757763239480	439757780577188	439757763514480
439757771626199	439757788792240	439757771892240
439757788270834	439757805222031	439757788630261
439757804827293	439757821651823	439757805175418
439757821482553	439757838080261	439757821852084
439757838170834	439757862731667	439757848133543
439757863117917	439757879164688	439757863389792
439757871437917	439757887379115	439757871879167
439757888191511	439757903808021	439757888535417
439757904822709	439757920236875	439757905182449
439757921511615	439757936667239	439757921870365
439757938173699	439757953095000	439757938518386
439757954800522	439757977739323	439757967155886
439757979512865	439757994167344	439757979793542
439757988202917	439758002381094	439757988559011
439758004861928	439758018810261	439758005228230
439758021507292	439758035239740	439758021860261
439758038168490	439758051672083	439758038532449
439758054840522	439758068103542	439758055205105
439758071496199	439758092748490	439758080401824
439758096297761	439758109176875	439758096584480
439758104852605	439758117391667	439758105219167
439758121544792	439758133822031	439758121901199
439758138164115	439758150249896	439758138518074
439758154817084	439758166678646	439758155162449
439758171500886	439758183106094	439758171848334
439758188199115	439758207750157	439758196195261
439758212808022	439758224177188	439758213085730
439758221441980	439758232391823	439758221796511
439758238175574	439758248820678	439758238519740
439758254831355	439758273461042	439758255189011
439758271468803	439758289888333	439758271843855
439758288174324	439758306320834	439758288534167
439758304736511	439758322753126	439758311378699
439758329464480	439758347400626	439758329742136
439758338281199	439758355616719	439758338508699
439758354815261	439758372049636	439758355192761
439758371487917	439758388480000	439758371851511
439758388197605	439758404910417	439758388643646
439758404816355	439758437773855	439758422966459
439758421627396	439758445989844	439758422972449
439758446396459	439758462421667	439758446687709
439758454880678	439758470637917	439758455144949
439758471594324	439758487070105	439758471993699
439758488218542	439758503501823	439758488573074
439758504865990	439758519933021	439758505227709
439758521534636	439758536366823	439758521899948
439758538252709	439758552798802	439758541052553
439758563291511	439758577444063	439758563561355
439758571553230	439758585660208	439758571913334
439758588205730	439758602090104	439758588577917
439758604935886	439758618520989	439758605279480
439758621564323	439758634949271	439758621947292

POLL t=56.8 tick=1868
8333333
439768140622705	439768156278955	439768141006507
439768157294893	439768172709268	439768157658851
439768174022914	439768197354684	439768179465570
439768198547601	439768213785465	439768198830257
439768207299945	439768222000934	439768207655101
439768223985049	439768238430152	439768224335257
439768240648018	439768254862445	439768241031039
439768257289789	439768271293330	439768257664268
439768273972289	439768295937652	439768279149893
439768298536195	439768312364997	439768298840986
439768307347757	439768320579892	439768307713695
439768324063799	439768337010100	439768324423070
439768340683226	439768353440882	439768341043695
439768357310413	439768369872496	439768357671507
439768373963382	439768394517704	439768378480101
439768398372236	439768410945778	439768398671663
439768407322445	439768419160829	439768407744788
439768424097549	439768435590309	439768424453538
439768440660570	439768452021090	439768441020570
439768457283955	439768468452497	439768457654111
439768473996038	439768493093955	439768476629111
439768498605882	439768509522808	439768498889788
439768507323070	439768517737756	439768507698070
439768523980726	439768534167079	439768524349632
439768540634788	439768550599007	439768541017288
439768557312913	439768575245257	439768557674268
439768573999788	439768591675673	439768578761299
439768598641299	439768616327080	439768598952080
439768607437601	439768624544996	439768607604632
439768624069945	439768640979996	439768624373799
439768640726924	439768657413433	439768641109736
439768657350049	439768673845934	439768657733799
439768673999163	439768698500100	439768682145205
439768698619736	439768714934424	439768698841038
439768707332236	439768723150361	439768707701976
439768724020570	439768739582445	439768724361507
439768740701924	439768756015621	439768741062132
439768757297445	439768772445517	439768757677861
439768773995205	439768797094319	439768783736663
439768798592445	439768813527183	439768798876507
439768807525986	439768821742340	439768807795101
439768824075726	439768838174111	439768824423695
439768840666507	439768854605413	439768841036351
439768857334111	439768871035934	439768857709632
439768874040413	439768895679527	439768883454007
439768898346820	439768912110517	439768898627861
439768907283851	439768920325882	439768907658538
439768924085986	439768936756559	439768924408017
439768940698486	439768953189527	439768941054267
439768957328070	439768969620309	439768957688799
439768973950361	439769002478590	439768985498070
439768999445101	439769010692965	439768999734007
439769007334476	439769018908694	439769007709007
439769024053069	439769035336663	439769024381819
439769040695049	439769051764788	439769041053069
439769057308174	439769068195829	439769057691038
439769073977080	439769101055204	439769087760569
439769099832132	439769117485048	439769100133069
439769107351351	439769125699788	439769107624424
439769124021976	439769142129736	439769124369319
439769140619476	439769158561454	439769140984944
439769157272705	439769174992809	439769157645257
439769173983799	439769199636038	439769185655830
439769199654476	439769216065933	439769199943330
439769207530569	439769224282080	439769208339163
439769224191819	439769240713121	439769224552444
439769240944736	439769257140829	439769241341611
439769257552913	439769273572392	439769257923851
439769274259476	439769298218017	439769285870101
439769298601819	439769314646766	439769298905049
439769307528851	439769322862965	439769307733486
439769324197601	439769339296766	439769324560361
439769340842132	439769355732080	439769341204476
439769357487288	439769372165725	439769357870569
439769374200726	439769396815048	439769380691819
439769398609788	439769413244891	439769398907757
439769407517601	439769421461454	439769407891767
439769424227288	439769437891506	439769424596819
439769440856819	439769454321142	439769441224007
439769457521976	439769470752861	439769457907288
439769474241351	439769495402860	439769478050413
439769498868798	439769511836923	439769499166038
439769507562705	439769520053694	439769507930882
439769524282601	439769536483277	439769524641194
439769540931663	439769552913173	439769541293642
439769557565101	439769569345881	439769557937392
439769574271298	439769593998745	439769580095413
439769598973173	439769610435361	439769599273226
439769607565569	439769618651767	439769607938330
439769624288173	439769635085568	439769624641038
439769640940830	439769651519736	439769641303798
439769657556819	439769667953016	439769657776038
439769674289788	439769692602183	439769679227080
439769699865569	439769717251455	439769700160986
439769707640569	439769725468277	439769707893850
439769724313330	439769741900256	439769724670257
439769740943798	439769758334319	439769741304580
439769757560725	439769774768798	439769757775986
439769774318850	439769799419111	439769782333225
439769799362705	439769815848590	439769799652444
439769807540882	439769824063746	439769808193173
439769824277548	439769840495308	439769824645205
439769840882757	439769856927652	439769841244007
439769857525882	439769873359006	439769857745413
439769874263955	439769898007496	439769882159007
439769898742080	439769914437704	439769899029007
439769907501455	439769922652287	439769907873538
439769924203486	439769939084579	439769924571663
439769940886298	439769955518173	439769941252600
439769957522757	439769971949683	439769957733225
439769974220517	439769988383173	439769976921142
439769998746194	439770013031090	439769999041507
439770007504788	439770021246975	439770007884944
439770024190569	439770037679996	439770024572132
439770040865882	439770054114423	439770041253173
439770057510725	439770070547287	439770057766611
439770074230257	439770095200256	439770079227080
439770098736507	439770111637548	439770099034163
439770107507913	439770119856662	439770107887079
439770124209944	439770136291038	439770124607548
439770140852600	439770152723902	439770141221038
439770157531819	439770169154683	439770157907444
439770174237600	439770193797131	439770177866454
439770198863329	439770210225204	439770199155100
439770207530882	439770218440620	439770207906611
439770224268850	439770234874162	439770224621975
439770240893538	439770251309995	439770241268538

POLL t=68.3 tick=1984
8333333
439779683129159	439779700618794	439779683421503
439779691385878	439779708835825	439779691687440
439779708083847	439779725267909	439779708487545
439779724743638	439779741698430	439779730115722
439779749176920	439779766341502	439779749475878
439779758050409	439779774555825	439779758430513
439779774744732	439779790984524	439779775100253
439779791414784	439779815634107	439779802543534
439779815868222	439779832066503	439779816153065
439779824712232	439779840282075	439779825076972
439779841385513	439779856714263	439779841739784
439779858047284	439779889583065	439779872398847
439779874713690	439779897799992	439779875070565
439779903243378	439779914233065	439779903601972
439779908086451	439779922449732	439779908531972
439779924736607	439779938884576	439779925088065
439779941410878	439779963534367	439779949007544
439779965550409	439779979967700	439779965838065
439779974711503	439779988184159	439779975075982
439779991396972	439780004616555	439779991791190
439780008030097	439780029268013	439780018838847
439780032344419	439780045701502	439780032638847
439780041348690	439780053917700	439780041734888
439780058008222	439780070348325	439780058390409
439780074672701	439780103206867	439780088250044
439780091376294	439780111421554	439780091750097
439780118983222	439780136071607	439780119283169
439780124704003	439780144287700	439780124976972
439780141380097	439780152504731	439780141742128
439780158100096	439780177150513	439780162951815
439780182431034	439780193583793	439780182723846
439780191398065	439780210017440	439780191774315
439780208076190	439780226451762	439780208454471
439780224736190	439780251101241	439780236158846
439780241406503	439780259317544	439780241948013
439780269826659	439780283965981	439780270124940
439780274656659	439780292182232	439780275046607
439780291394003	439780308613742	439780291907753
439780308072753	439780333261919	439780316306503
439780332795721	439780349692753	439780333095826
439780341340096	439780357908169	439780342005096
439780358093951	439780374338325	439780358463846
439780374675721	439780398983794	439780386183846
439780399270565	439780415411554	439780399582388
439780408091659	439780423625461	439780408454159
439780424739419	439780440053325	439780425115669
439780441411503	439780472914836	439780455827753
439780458056190	439780481130825	439780458420826
439780482719159	439780497561971	439780483009263
439780491390409	439780505777804	439780491760721
439780508053221	439780522211606	439780508401503
439780524751138	439780538643846	439780526773846
439780549752284	439780563291033	439780550046034
439780558010878	439780571506555	439780558393326
439780574746451	439780587937596	439780575107596
439780591408846	439780612585148	439780595069784
439780615578846	439780629013950	439780615870044
439780624740565	439780637227961	439780625104471
439780641423846	439780653657127	439780641805982
439780658071190	439780686520721	439780669415253
439780683787596	439780694737961	439780684084732
439780691408013	439780702955356	439780691792753
439780708084159	439780719389888	439780708440253
439780724733950	439780752252804	439780738632753
439780741384003	439780760469314	439780741730096
439780769994315	439780785116762	439780770375409
439780774670878	439780793332752	439780775015565
439780791360096	439780801547908	439780791738950
439780808056502	439780826191710	439780809364732
439780832234002	439780842623637	439780832571815
439780841426815	439780859056085	439780841785096
439780858074471	439780875488377	439780858466346
439780874733325	439780900135044	439780888203065
439780891429315	439780908350200	439780892369002
439780918921763	439780932999523	439780919219159
439780924963742	439780941215356	439780925765096
439780941511138	439780957647492	439780941900513
439780958141815	439780974078064	439780963358377
439780982509784	439780998727387	439780982809471
439780991492596	439781006943324	439780991683690
439781008182075	439781023377699	439781008566659
439781024849471	439781048024314	439781036128065
439781049767752	439781064454262	439781050053065
439781058083377	439781072668429	439781058453534
439781074776502	439781089099679	439781075129732
439781091426763	439781121960773	439781105052752
439781108168482	439781130176867	439781108464784
439781137583950	439781154825565	439781137957440
439781141410565	439781163041502	439781141762127
439781158133065	439781171258429	439781158506763
439781174793221	439781195907804	439781180264627
439781199142440	439781212340252	439781199428846
439781208155044	439781220557440	439781208523534
439781224819315	439781236990356	439781225170409
439781241481815	439781269855408	439781256736659
439781258164940	439781278069470	439781258516606
439781283598013	439781294498950	439781283942544
439781291422909	439781302714210	439781291843690
439781308200825	439781319142752	439781308600565
439781324786763	439781335570252	439781325142440
439781341518690	439781360214263	439781349489784
439781365632284	439781376646502	439781365918325
439781374730721	439781393077856	439781375116190
439781391403846	439781409508793	439781391866763
439781408121971	439781434154210	439781420487544
439781424752284	439781442368586	439781425053481
439781454611502	439781467013533	439781454924002
439781458147075	439781475227908	439781458420825
439781474773221	439781491654835	439781475116606
439781491382283	439781508084887	439781497806971
439781515856971	439781532730044	439781516170721
439781524744158	439781540945148	439781525271763
439781541418377	439781557377439	439781541779888
439781558057596	439781582021971	439781570300252
439781574754627	439781590239106	439781575244158
439781604349263	439781614888064	439781604701971
439781608079627	439781623103949	439781608518325
439781624748377	439781639535356	439781625114575
439781641423690	439781655967387	439781643303794
439781666118690	439781680614940	439781666487283
439781674709940	439781688831866	439781675095096
439781691453950	439781705263272	439781691845981
439781708134731	439781721693950	439781708490565
439781724772127	439781746340617	439781730840721
439781749362388	439781762773168	439781749555096
439781758083325	439781770988950	439781758460877
439781774769158	439781787420877	439781775125513

POLL t=80.1 tick=2118
8333333
439791410115196	439791425203112	439791410532436
439791426816134	439791441633477	439791427188373
439791443455978	439791474494050	439791457090092
439791460161498	439791482708165	439791460507280
439791488730405	439791499137331	439791489021498
439791493395353	439791507352019	439791493897436
439791510125092	439791523781863	439791510476342
439791526858321	439791548429519	439791533609259
439791551836759	439791564865664	439791552124571
439791560134623	439791573084362	439791560492280
439791576762384	439791589521186	439791577154155
439791593427280	439791622397384	439791606214728
439791610081655	439791630615144	439791610418530
439791636266759	439791647049675	439791636567540
439791643394936	439791655266445	439791643817228
439791660159884	439791671700873	439791660522123
439791676817071	439791696353737	439791680182540
439791702618686	439791721004518	439791702989467
439791710111446	439791729221810	439791710381030
439791726772748	439791737439518	439791727185561
439791743444259	439791770312800	439791757771342
439791760124102	439791778531498	439791760472123
439791786523477	439791803186238	439791786999102
439791793453373	439791811405665	439791793807123
439791810111498	439791827841029	439791810612227
439791826807227	439791844276081	439791827159623
439791843455040	439791868927956	439791852881655
439791870345717	439791885362539	439791870695352
439791876818321	439791893580717	439791877713530
439791893445092	439791910018842	439791893846602
439791910121498	439791934674779	439791922797123
439791926868842	439791942894206	439791927126498
439791956585404	439791967549049	439791956969623
439791960124623	439791975767799	439791960532904
439791976794936	439791992205664	439791977166915
439791993489259	439792008640769	439791996322071
439792018554154	439792033289779	439792018831967
439792026805821	439792041507487	439792027312227
439792043463634	439792057942331	439792043848061
439792060163373	439792090807904	439792075192436
439792076779467	439792099023946	439792077134936
439792105976811	439792123670820	439792106267748
439792110118477	439792131887435	439792110497592
439792126777279	439792140104831	439792127163061
439792143503373	439792156540248	439792145320873
439792168788529	439792181190716	439792169078165
439792176791967	439792189407487	439792177220717
439792193473373	439792205838998	439792193885092
439792210132123	439792222271602	439792210480561
439792226808061	439792246918945	439792233397592
439792252791967	439792263351497	439792253084623
439792260162279	439792271568373	439792260538009
439792276807592	439792288002852	439792277162540
439792293460092	439792320867487	439792304990092
439792320400092	439792337299154	439792320677904
439792326770092	439792345515717	439792327047748
439792343423946	439792361949415	439792343869727
439792360140821	439792386597331	439792373967123
439792376788686	439792394813373	439792377123633
439792402986446	439792419464727	439792403280248
439792410132540	439792427681550	439792410401446
439792426821498	439792444115040	439792427225977
439792443486654	439792460547383	439792447626967
439792469375092	439792485190977	439792469678061
439792476790248	439792493405508	439792477610352
439792493449311	439792509838685	439792493823321
439792510122696	439792534485508	439792521994258
439792526798842	439792542700977	439792527523998
439792557353373	439792575558841	439792557763998
439792560151290	439792583772435	439792560521029
439792576785873	439792591987123	439792577158008
439792593521342	439792608417122	439792596405508
439792619001133	439792633062122	439792619352852
439792626809571	439792641277643	439792627186290
439792643464310	439792657708217	439792643826915
439792660168633	439792690570039	439792675508321
439792676878529	439792698786498	439792677218060
439792703236029	439792715217487	439792703539415
439792710191029	439792723433164	439792710569571
439792726867904	439792739863424	439792727292279
439792743545717	439792764506654	439792748420977
439792769555665	439792780932383	439792769905717
439792776777696	439792789147539	439792777153633
439792793541446	439792805577643	439792793894258
439792810174935	439792838436706	439792825294154
439792826883373	439792846650560	439792827220092
439792855146446	439792871292487	439792855439727
439792860199467	439792879506341	439792860533998
439792876828998	439792887721705	439792877193842
439792893597071	439792912361758	439792897398529
439792919276290	439792937006862	439792919518685
439792926908373	439792945221498	439792927207696
439792943550873	439792961652435	439792943919154
439792960209154	439792978082592	439792960567227
439792976887748	439792994511393	439792981267435
439793004082123	439793019156653	439793004427435
439793010182279	439793027372747	439793010538842
439793026832748	439793043803216	439793027200404
439793043496029	439793060232591	439793043914779
439793060280873	439793076660976	439793066250821
439793086443060	439793101308633	439793086733685
439793093637071	439793109524362	439793094500873
439793110209623	439793125954518	439793110569310
439793126911967	439793150600768	439793140378998
439793143562539	439793158816393	439793143662435
439793175921185	439793191678320	439793176267279
439793176868842	439793199894779	439793177222123
439793193788217	439793208112695	439793194164727
439793210295560	439793224547539	439793210651810
439793226944623	439793240980873	439793229209154
439793252773477	439793265633059	439793253068685
439793260235873	439793273850247	439793260716810
439793276943373	439793290281602	439793277439310
439793293584727	439793306709518	439793293942748
439793310271914	439793331353528	439793315255977
439793336472435	439793347783372	439793336807696
439793343571654	439793355998946	439793343987591
439793360225873	439793372430560	439793360608060
439793376876133	439793405296029	439793390474154
439793393523841	439793413512330	439793393878373
439793422939935	439793438154570	439793423309935
439793426862591	439793446371602	439793427206966
439793443523529	439793454586705	439793443908998
439793460251341	439793479235196	439793463311029
439793486401185	439793503883945	439793486832852
439793493529623	439793512100091	439793493825821
439793510261966	9223372036854775807	439793510632435

POLL t=92.0 tick=2322
8333333
439803336091963	439803348442691	439803336453056
439803344186025	439803356663213	439803344544567
439803360775869	439803373099306	439803361146650
439803377479723	439803397757431	439803386673525
439803402087900	439803414196493	439803402380192
439803410812275	439803422414514	439803411224879
439803427487431	439803438848941	439803427894775
439803444289931	439803463503213	439803450478317
439803468656494	439803479939514	439803468949254
439803477479306	439803488156806	439803477833369
439803494150973	439803504592743	439803494530192
439803510871025	439803529246389	439803518706442
439803535842275	439803553904253	439803536128213
439803544154775	439803562122691	439803544425035
439803560802588	439803578562066	439803561170504
439803577446598	439803603219618	439803587122275
439803603380660	439803619659775	439803603695869
439803610785400	439803627880191	439803611813056
439803627474931	439803644321494	439803627845348
439803644223994	439803668981858	439803652642588
439803669550504	439803685420764	439803669848629
439803677430869	439803693640087	439803677633213
439803694151754	439803710081910	439803694508056
439803710843213	439803734740764	439803718937588
439803735322848	439803751181025	439803735623681
439803744116181	439803759401441	439803744493942
439803760793056	439803775843264	439803761149931
439803777434931	439803800504306	439803783717431
439803803704410	439803816941857	439803803992275
439803810805817	439803825161024	439803811216337
439803827483160	439803841599826	439803827859254
439803844194410	439803866257275	439803853262692
439803868907692	439803882695399	439803869210712
439803877477900	439803890915087	439803877839879
439803894123837	439803907352900	439803894510712
439803910830400	439803932009410	439803918203681
439803935995973	439803948444514	439803936378160
439803944167275	439803956661129	439803944535556
439803960825712	439803973094514	439803961173837
439803977490348	439803997746805	439803986067900
439804002517067	439804014181076	439804002815400
439804010793785	439804022400243	439804011157692
439804027488369	439804038837743	439804027868525
439804044204775	439804063491337	439804051931806
439804069388473	439804079925659	439804069687744
439804077451181	439804088142743	439804077822275
439804094159775	439804104576597	439804094554150
439804110874098	439804129229201	439804118208837
439804136136181	439804153882379	439804136528317
439804144172431	439804162100659	439804144549462
439804160833525	439804178539462	439804161181754
439804177478473	439804203198159	439804186500400
439804204165504	439804219634774	439804204445191
439804210803004	439804227853993	439804211905869
439804227483056	439804244292743	439804227860504
439804244228994	439804268951232	439804252423525
439804270080869	439804285390608	439804270368525
439804277500712	439804293610191	439804277703316
439804294223837	439804310047014	439804294587900
439804310914619	439804334703993	439804319799462
439804336254150	439804351139462	439804336566806
439804344212535	439804359357483	439804344573681
439804360903994	439804375794670	439804361261129
439804377547119	439804400447326	439804386365869
439804403090087	439804416883940	439804403373993
439804410869618	439804425102847	439804411251493
439804427567118	439804441540139	439804427939931
439804444238993	439804466194097	439804453093525
439804469645087	439804482630139	439804469948368
439804477508681	439804490848680	439804477926598
439804494225504	439804507283577	439804494604306
439804510897691	439804531941493	439804518729150
439804536745400	439804548381337	439804537076181
439804544201025	439804556601649	439804544564098
439804560893837	439804573040711	439804561252431
439804577526650	439804597697587	439804586265816
439804603031285	439804614135712	439804603314723
439804610888368	439804622354879	439804611258525
439804627547275	439804638790815	439804627921806
439804644333368	439804663446493	439804652989775
439804669787223	439804688103316	439804670079775
439804677593629	439804696322170	439804677861754
439804694252900	439804712760191	439804694707066
439804710995868	439804729201076	439804719347900
439804737318160	439804753860712	439804737691910
439804744208941	439804762080087	439804744595868
439804760920191	439804778516962	439804761275087
439804777571025	439804803172222	439804787715191
439804804410243	439804819611076	439804804686962
439804810952535	439804827830086	439804811869098
439804827604462	439804844267534	439804828027847
439804844353941	439804868926858	439804854504618
439804871641285	439804885366493	439804871973837
439804877581806	439804893585243	439804877862900
439804894249150	439804910023368	439804894624306
439804910937847	439804934676545	439804924246910
439804937212118	439804951114879	439804937510191
439804944646337	439804959335815	439804944732222
439804961029097	439804975777066	439804961381650
439804977671181	439805000438004	439804988068368
439805003426337	439805016875399	439805003707587
439805011040660	439805025094462	439805011412691
439805027749097	439805041534618	439805028104775
439805044469775	439805066191909	439805053810712
439805072949566	439805090850763	439805073251910
439805077627743	439805099070608	439805077940504
439805094398941	439805107291493	439805094750504
439805111000712	439805140169514	439805125841181
439805127697899	439805148388524	439805128189618
439805158281649	439805173041545	439805158621649
439805161009879	439805181259722	439805161330556
439805177967222	439805189477117	439805178358316
439805194388993	439805222351962	439805206263004
439805220666285	439805238787222	439805221017431
439805227708629	439805247005295	439805228077118
439805244312274	439805255223732	439805244684931
439805261026337	439805288101753	439805276088993
439805277684410	439805296321857	439805278039097
439805307149722	439805320979983	439805307515191
439805311028629	439805329200347	439805311356493
439805327679566	439805345637951	439805328073629
439805344378316	439805362074513	439805349172274
439805370787118	439805386730556	439805371197587
439805377739462	439805394949461	439805378026337
439805394334879	439805411387899	439805394727847
439805411021649	439805427825972	439805411406649
439805427783941	439805444261806	439805431908681

