window ticks 1948->2574 wall 30.31 s (units: 10 ms per state)
--- cpu0 freq_Hz delta_10ms
384000 0
556800 0
748800 0
960000 0
1152000 0
1363200 0
1555200 0
1785600 1325
1996800 70
2227200 26
2400000 23
2745600 23
2918400 5
3072000 3
3321600 5
3532800 1557
--- cpu1 freq_Hz delta_10ms
384000 0
556800 0
748800 0
960000 0
1152000 0
1363200 0
1555200 0
1785600 1328
1996800 70
2227200 27
2400000 23
2745600 23
2918400 5
3072000 3
3321600 5
3532800 1554
--- cpu2 freq_Hz delta_10ms
384000 0
556800 0
748800 0
960000 0
1152000 0
1363200 0
1555200 0
1785600 1330
1996800 70
2227200 27
2400000 23
2745600 23
2918400 5
3072000 3
3321600 5
3532800 1551
--- cpu3 freq_Hz delta_10ms
384000 0
556800 0
748800 0
960000 0
1152000 0
1363200 0
1555200 0
1785600 1333
1996800 70
2227200 27
2400000 23
2745600 23
2918400 5
3072000 3
3321600 5
3532800 1548
--- cpu4 freq_Hz delta_10ms
384000 0
556800 0
748800 0
960000 0
1152000 0
1363200 0
1555200 0
1785600 1335
1996800 70
2227200 28
2400000 23
2745600 23
2918400 5
3072000 3
3321600 5
3532800 1545
--- cpu5 freq_Hz delta_10ms
384000 0
556800 0
748800 0
960000 0
1152000 0
1363200 0
1555200 0
1785600 1337
1996800 70
2227200 28
2400000 24
2745600 23
2918400 5
3072000 3
3321600 5
3532800 1542
--- cpu6 freq_Hz delta_10ms
1017600 0
1209600 0
1401600 0
1689600 0
1958400 0
2246400 212
2438400 36
2649600 72
2841600 148
3072000 191
3283200 94
3513600 101
3801600 544
4089600 750
4204800 204
4320000 684
--- cpu7 freq_Hz delta_10ms
1017600 0
1209600 0
1401600 0
1689600 0
1958400 0
2246400 213
2438400 36
2649600 72
2841600 148
3072000 191
3283200 95
3513600 101
3801600 542
4089600 751
4204800 204
4320000 683
gpu_freqs: 1100000000 1050000000 967000000 900000000 832000000 734000000 660000000 607000000 525000000 443000000 389000000 342000000 222000000 160000000
gpu_clock_stats_delta: 0 0 0 0 0 0 15801992 0 0 0 0 0 0 0
