GB4_FRAME tick=2050 backend=parallel pmode=ff21 dispfb1=9070 dispfb2=1400 display_fbp=112 source_fbp=112 preferred=0 present=7bf5c012
[n8d7f] tick=2050 fbp=112 fbw=8 psm=1 dbx=0 dby=0 phase=0 stride=2 mask=4194303 samples=1 promoted=0 extent=512x224 valid=512x224 status=2
[n8d7f] bytes=5177344 vram_sha256=cc87477a4a08e89d3f23e66d68c5092ce1baa94dce2dd704b10b82af6f16668f input_sha256=d9fa6d7e874ea80fef3eb6b1f2f60fbcb2d2bc705a21881256efda14232d0904 circuit_sha256=d9fa6d7e874ea80fef3eb6b1f2f60fbcb2d2bc705a21881256efda14232d0904
[n8d7f] input tiles=448 occupied=64374 active=300 packed_sha256=e1dc4c5c6b7579e4c036e9df8cde0dfe8096e9bbe3fe56c8494a50720c78a593
[n8d7f] input_tile_counts=256,256,256,243,253,256,256,256,256,256,237,244,256,238,238,235,238,239,242,249,256,256,252,256,251,249,256,202,177,159,136,136,256,256,256,256,246,255,256,256,256,256,256,256,256,241,240,239,241,241,239,245,256,256,243,256,229,254,218,153,213,254,252,256,256,256,256,256,252,193,256,256,256,256,256,256,256,256,256,256,256,256,256,243,256,252,238,256,248,256,256,256,256,256,256,256,256,256,243,239,256,207,224,256,256,255,255,256,256,256,256,256,256,256,256,238,256,254,256,256,256,256,256,256,256,256,256,256,256,256,256,256,256,256,159,255,256,256,236,249,256,256,256,253,256,239,237,232,256,256,256,256,256,256,256,256,256,256,256,256,236,256,256,256,256,256,233,164,256,255,214,228,201,248,242,240,201,112,179,240,256,256,256,256,256,256,256,256,256,256,256,256,169,202,256,256,256,256,256,162,223,256,255,238,201,161,123,220,212,239,222,208,194,182,176,161,159,144,144,144,211,246,156,128,80,38,138,129,66,80,80,78,39,80,80,80,68,61,43,35,75,0,0,0,0,0,0,0,0,0,0,18,203,218,47,0,0,0,19,20,0,0,0,0,0,0,0,0,0,0,7,121,134,124,80,0,0,0,0,0,0,0,0,10,165,229,49,0,0,0,32,24,0,0,0,0,0,0,0,0,0,0,0,16,32,32,16,0,0,0,0,0,0,0,0,20,200,214,42,0,0,106,141,164,142,143,147,148,145,153,75,0,0,0,0,0,0,0,0,0,0,0,0,0,0,0,0,11,153,232,48,0,0,251,233,244,232,234,237,238,230,243,127,0,0,0,0,0,0,0,0,0,0,0,0,0,0,0,0,0,26,60,0,0,0,256,224,222,231,239,252,256,256,256,112,0,0,0,0,0,0,0,0,0,0,0,0,0,0,0,0,0,4,12,0,0,0,110,112,112,112,112,112,112,112,108,16,0,0,0,0,0,0,0,0,0,0,0,0,0,0,0,0,0,0,0,0,0
[n8d7f] circuit tiles=448 occupied=64374 active=300 packed_sha256=e1dc4c5c6b7579e4c036e9df8cde0dfe8096e9bbe3fe56c8494a50720c78a593
[n8d7f] circuit_tile_counts=256,256,256,243,253,256,256,256,256,256,237,244,256,238,238,235,238,239,242,249,256,256,252,256,251,249,256,202,177,159,136,136,256,256,256,256,246,255,256,256,256,256,256,256,256,241,240,239,241,241,239,245,256,256,243,256,229,254,218,153,213,254,252,256,256,256,256,256,252,193,256,256,256,256,256,256,256,256,256,256,256,256,256,243,256,252,238,256,248,256,256,256,256,256,256,256,256,256,243,239,256,207,224,256,256,255,255,256,256,256,256,256,256,256,256,238,256,254,256,256,256,256,256,256,256,256,256,256,256,256,256,256,256,256,159,255,256,256,236,249,256,256,256,253,256,239,237,232,256,256,256,256,256,256,256,256,256,256,256,256,236,256,256,256,256,256,233,164,256,255,214,228,201,248,242,240,201,112,179,240,256,256,256,256,256,256,256,256,256,256,256,256,169,202,256,256,256,256,256,162,223,256,255,238,201,161,123,220,212,239,222,208,194,182,176,161,159,144,144,144,211,246,156,128,80,38,138,129,66,80,80,78,39,80,80,80,68,61,43,35,75,0,0,0,0,0,0,0,0,0,0,18,203,218,47,0,0,0,19,20,0,0,0,0,0,0,0,0,0,0,7,121,134,124,80,0,0,0,0,0,0,0,0,10,165,229,49,0,0,0,32,24,0,0,0,0,0,0,0,0,0,0,0,16,32,32,16,0,0,0,0,0,0,0,0,20,200,214,42,0,0,106,141,164,142,143,147,148,145,153,75,0,0,0,0,0,0,0,0,0,0,0,0,0,0,0,0,11,153,232,48,0,0,251,233,244,232,234,237,238,230,243,127,0,0,0,0,0,0,0,0,0,0,0,0,0,0,0,0,0,26,60,0,0,0,256,224,222,231,239,252,256,256,256,112,0,0,0,0,0,0,0,0,0,0,0,0,0,0,0,0,0,4,12,0,0,0,110,112,112,112,112,112,112,112,108,16,0,0,0,0,0,0,0,0,0,0,0,0,0,0,0,0,0,0,0,0,0
[n8d7f] stage tiles=448 occupied=64374 active=300 packed_sha256=e1dc4c5c6b7579e4c036e9df8cde0dfe8096e9bbe3fe56c8494a50720c78a593
[n8d7f] stage_tile_counts=256,256,256,243,253,256,256,256,256,256,237,244,256,238,238,235,238,239,242,249,256,256,252,256,251,249,256,202,177,159,136,136,256,256,256,256,246,255,256,256,256,256,256,256,256,241,240,239,241,241,239,245,256,256,243,256,229,254,218,153,213,254,252,256,256,256,256,256,252,193,256,256,256,256,256,256,256,256,256,256,256,256,256,243,256,252,238,256,248,256,256,256,256,256,256,256,256,256,243,239,256,207,224,256,256,255,255,256,256,256,256,256,256,256,256,238,256,254,256,256,256,256,256,256,256,256,256,256,256,256,256,256,256,256,159,255,256,256,236,249,256,256,256,253,256,239,237,232,256,256,256,256,256,256,256,256,256,256,256,256,236,256,256,256,256,256,233,164,256,255,214,228,201,248,242,240,201,112,179,240,256,256,256,256,256,256,256,256,256,256,256,256,169,202,256,256,256,256,256,162,223,256,255,238,201,161,123,220,212,239,222,208,194,182,176,161,159,144,144,144,211,246,156,128,80,38,138,129,66,80,80,78,39,80,80,80,68,61,43,35,75,0,0,0,0,0,0,0,0,0,0,18,203,218,47,0,0,0,19,20,0,0,0,0,0,0,0,0,0,0,7,121,134,124,80,0,0,0,0,0,0,0,0,10,165,229,49,0,0,0,32,24,0,0,0,0,0,0,0,0,0,0,0,16,32,32,16,0,0,0,0,0,0,0,0,20,200,214,42,0,0,106,141,164,142,143,147,148,145,153,75,0,0,0,0,0,0,0,0,0,0,0,0,0,0,0,0,11,153,232,48,0,0,251,233,244,232,234,237,238,230,243,127,0,0,0,0,0,0,0,0,0,0,0,0,0,0,0,0,0,26,60,0,0,0,256,224,222,231,239,252,256,256,256,112,0,0,0,0,0,0,0,0,0,0,0,0,0,0,0,0,0,4,12,0,0,0,110,112,112,112,112,112,112,112,108,16,0,0,0,0,0,0,0,0,0,0,0,0,0,0,0,0,0,0,0,0,0
[n8d7f] input_circuit_equal=448/448 circuit_stage_equal=448/448
[n8d7f] oracle tiles=448 occupied=64374 active=300 packed_sha256=e1dc4c5c6b7579e4c036e9df8cde0dfe8096e9bbe3fe56c8494a50720c78a593
[n8d7f] oracle_tile_counts=256,256,256,243,253,256,256,256,256,256,237,244,256,238,238,235,238,239,242,249,256,256,252,256,251,249,256,202,177,159,136,136,256,256,256,256,246,255,256,256,256,256,256,256,256,241,240,239,241,241,239,245,256,256,243,256,229,254,218,153,213,254,252,256,256,256,256,256,252,193,256,256,256,256,256,256,256,256,256,256,256,256,256,243,256,252,238,256,248,256,256,256,256,256,256,256,256,256,243,239,256,207,224,256,256,255,255,256,256,256,256,256,256,256,256,238,256,254,256,256,256,256,256,256,256,256,256,256,256,256,256,256,256,256,159,255,256,256,236,249,256,256,256,253,256,239,237,232,256,256,256,256,256,256,256,256,256,256,256,256,236,256,256,256,256,256,233,164,256,255,214,228,201,248,242,240,201,112,179,240,256,256,256,256,256,256,256,256,256,256,256,256,169,202,256,256,256,256,256,162,223,256,255,238,201,161,123,220,212,239,222,208,194,182,176,161,159,144,144,144,211,246,156,128,80,38,138,129,66,80,80,78,39,80,80,80,68,61,43,35,75,0,0,0,0,0,0,0,0,0,0,18,203,218,47,0,0,0,19,20,0,0,0,0,0,0,0,0,0,0,7,121,134,124,80,0,0,0,0,0,0,0,0,10,165,229,49,0,0,0,32,24,0,0,0,0,0,0,0,0,0,0,0,16,32,32,16,0,0,0,0,0,0,0,0,20,200,214,42,0,0,106,141,164,142,143,147,148,145,153,75,0,0,0,0,0,0,0,0,0,0,0,0,0,0,0,0,11,153,232,48,0,0,251,233,244,232,234,237,238,230,243,127,0,0,0,0,0,0,0,0,0,0,0,0,0,0,0,0,0,26,60,0,0,0,256,224,222,231,239,252,256,256,256,112,0,0,0,0,0,0,0,0,0,0,0,0,0,0,0,0,0,4,12,0,0,0,110,112,112,112,112,112,112,112,108,16,0,0,0,0,0,0,0,0,0,0,0,0,0,0,0,0,0,0,0,0,0
[n8d7l] tick=2050 fbp=112 fbw=8 psm=1 dbx=0 dby=0 phase=0 stride=2 mask=4194303 samples=1 promoted=0
[n8d7l] oracle_controls=0x0E0000=0x00260803,0x0E0534=0x00260802,0x0E0040=0x00260804,0x1BFFF4=0x000C0000,0x0E2000=0x00260802,0x0F0000=0xFF230401,0x0E1FFC=0x003D2B00,0x0F2000=0x00604400
[n8d7l] oracle_input_equal=448/448
[n8d6a] stage=circuit1 width=512 height=224 tiles=448 occupied=64374 active=300 control=128
[n8d5b] control=128 expected=128 PASS
[n8d6a] stage=final width=512 height=448 tiles=896 occupied=128292 active=567 control=128
[n8d5b] raw_summary tiles=896 occupied=128292 active=567
hashes: off.hashes == on.hashes byte-identical (diff -q clean), sha256 f038cde992d13f868b06a7acf6cee922a3096345dda39f72761d5326f67fcdfb; tick2050 present=7bf5c012 in both
