window ticks 1983->2564 wall 25.06 s (units: 10 ms per state)
--- cpu0 freq_Hz delta_10ms
384000 0
556800 0
748800 0
960000 0
1152000 0
1363200 0
1555200 0
1785600 558
1996800 35
2227200 25
2400000 18
2745600 17
2918400 6
3072000 3
3321600 4
3532800 1832
--- cpu1 freq_Hz delta_10ms
384000 0
556800 0
748800 0
960000 0
1152000 0
1363200 0
1555200 0
1785600 559
1996800 36
2227200 25
2400000 18
2745600 18
2918400 6
3072000 3
3321600 4
3532800 1828
--- cpu2 freq_Hz delta_10ms
384000 0
556800 0
748800 0
960000 0
1152000 0
1363200 0
1555200 0
1785600 559
1996800 36
2227200 25
2400000 18
2745600 19
2918400 6
3072000 3
3321600 5
3532800 1826
--- cpu3 freq_Hz delta_10ms
384000 0
556800 0
748800 0
960000 0
1152000 0
1363200 0
1555200 0
1785600 559
1996800 36
2227200 25
2400000 19
2745600 20
2918400 6
3072000 4
3321600 5
3532800 1821
--- cpu4 freq_Hz delta_10ms
384000 0
556800 0
748800 0
960000 0
1152000 0
1363200 0
1555200 0
1785600 560
1996800 36
2227200 25
2400000 19
2745600 20
2918400 6
3072000 4
3321600 5
3532800 1817
--- cpu5 freq_Hz delta_10ms
384000 0
556800 0
748800 0
960000 0
1152000 0
1363200 0
1555200 0
1785600 560
1996800 36
2227200 25
2400000 20
2745600 21
2918400 6
3072000 4
3321600 6
3532800 1814
--- cpu6 freq_Hz delta_10ms
1017600 0
1209600 0
1401600 0
1689600 0
1958400 0
2246400 108
2438400 14
2649600 33
2841600 36
3072000 38
3283200 32
3513600 37
3801600 665
4089600 698
4204800 133
4320000 700
--- cpu7 freq_Hz delta_10ms
1017600 0
1209600 0
1401600 0
1689600 0
1958400 0
2246400 108
2438400 14
2649600 33
2841600 37
3072000 38
3283200 32
3513600 37
3801600 662
4089600 698
4204800 133
4320000 701
gpu_freqs: 1100000000 1050000000 967000000 900000000 832000000 734000000 660000000 607000000 525000000 443000000 389000000 342000000 222000000 160000000
gpu_clock_stats_delta: 0 0 0 0 0 0 14660159 0 0 0 0 0 0 0
