window ticks 1980->2553 wall 25.16 s (units: 10 ms per state)
--- cpu0 freq_Hz delta_10ms
384000 0
556800 0
748800 0
960000 0
1152000 0
1363200 0
1555200 0
1785600 558
1996800 42
2227200 17
2400000 9
2745600 10
2918400 1
3072000 1
3321600 4
3532800 1876
--- cpu1 freq_Hz delta_10ms
384000 0
556800 0
748800 0
960000 0
1152000 0
1363200 0
1555200 0
1785600 561
1996800 42
2227200 17
2400000 9
2745600 10
2918400 1
3072000 1
3321600 4
3532800 1872
--- cpu2 freq_Hz delta_10ms
384000 0
556800 0
748800 0
960000 0
1152000 0
1363200 0
1555200 0
1785600 563
1996800 43
2227200 18
2400000 9
2745600 10
2918400 1
3072000 1
3321600 4
3532800 1868
--- cpu3 freq_Hz delta_10ms
384000 0
556800 0
748800 0
960000 0
1152000 0
1363200 0
1555200 0
1785600 566
1996800 43
2227200 18
2400000 9
2745600 10
2918400 1
3072000 1
3321600 4
3532800 1864
--- cpu4 freq_Hz delta_10ms
384000 0
556800 0
748800 0
960000 0
1152000 0
1363200 0
1555200 0
1785600 568
1996800 43
2227200 19
2400000 9
2745600 10
2918400 1
3072000 1
3321600 4
3532800 1861
--- cpu5 freq_Hz delta_10ms
384000 0
556800 0
748800 0
960000 0
1152000 0
1363200 0
1555200 0
1785600 570
1996800 44
2227200 19
2400000 9
2745600 11
2918400 1
3072000 1
3321600 4
3532800 1858
--- cpu6 freq_Hz delta_10ms
1017600 0
1209600 0
1401600 0
1689600 0
1958400 0
2246400 117
2438400 21
2649600 36
2841600 42
3072000 57
3283200 23
3513600 42
3801600 794
4089600 595
4204800 133
4320000 657
--- cpu7 freq_Hz delta_10ms
1017600 0
1209600 0
1401600 0
1689600 0
1958400 0
2246400 117
2438400 21
2649600 36
2841600 43
3072000 57
3283200 23
3513600 42
3801600 792
4089600 595
4204800 133
4320000 658
gpu_freqs: 1100000000 1050000000 967000000 900000000 832000000 734000000 660000000 607000000 525000000 443000000 389000000 342000000 222000000 160000000
gpu_clock_stats_delta: 0 0 0 0 0 0 14634030 0 0 0 0 0 0 0
