POLL t=10.4 tick=364
8333333
425546244901047	425546265666255	425546245039641
425546272477193	425546290325578	425546272771568
425546300773755	425546314988494	425546301073078
425546300946099	425546323208234	425546301077505
425546330872610	425546347863755	425546331159641
425546359262037	425546372519119	425546359710891
425546359730474	425546380737140	425546359806880
425546386727505	425546397174640	425546387011568
425546414855474	425546430049745	425546415152662
425546415045474	425546438269328	425546415166412
425546443142037	425546454705786	425546443415630
425546470921672	425546487579224	425546471233443
425546471196255	425546495797505	425546471330891
425546499174380	425546512235005	425546499463287
425546527227818	425546545112349	425546527513547
425546527401724	425546553331827	425546527517818
425546556045735	425546569773026	425546556330005
425546584955318	425546602649693	425546585272141
425546585132505	425546610868911	425546585276880
425546613751412	425546627305161	425546614044224
425546642427505	425546660177245	425546642727037
425546642674849	425546668398078	425546642728599
425546671600630	425546684836150	425546671866099
425546699472453	425546709491515	425546699774797
425546699652297	425546717709849	425546699781724
425546727443234	425546742361046	425546727720734
425546755570943	425546767013390	425546755926724
425546755826880	425546775231879	425546755927037
425546787279016	425546799888442	425546787561724
425546816214536	425546832762349	425546816514849
425546816461047	425546840982088	425546816527349
425546845602505	425546857421567	425546845845422
425546874516047	425546890302244	425546874824068
425546874694536	425546898521723	425546874828234
425546902558599	425546914958078	425546902847505
425546930572974	425546947833442	425546930883286
425546930827453	425546956051723	425546930886516
425546959151411	425546972491306	425546959432661
425546987210474	425547005365265	425546987510109
425546987448443	425547013583911	425546987514224
425547015892193	425547030018859	425547016189328
425547044312661	425547054671775	425547044611880
425547044508755	425547062890265	425547044616099
425547073392974	425547087547349	425547073679953
425547102328286	425547120420994	425547102627141
425547102528130	425547128640265	425547102630734
425547131500005	425547145078182	425547131788547
425547159730266	425547177953026	425547160020109
425547159922818	425547186172088	425547160073286
425547188074849	425547202609796	425547188360005
425547215875630	425547227267036	425547216148547
425547216261203	425547235486880	425547216337661
425547245385891	425547260144588	425547245664068
425547274404640	425547284801515	425547274721255
425547274581099	425547293019640	425547274731724
425547303358911	425547317673807	425547303644380
425547334429068	425547350547817	425547334762349
425547334686515	425547358764901	425547334762818
425547362001099	425547375197870	425547362295318
425547390191568	425547408064432	425547390496359
425547390433443	425547416282192	425547390497036
425547420351515	425547432718807	425547420650943
425547448220943	425547465594692	425547448514953
425547448505005	425547473815056	425547448603286
425547478421203	425547490253910	425547478704172
425547505418547	425547523131046	425547505730630
425547505595630	425547531349536	425547505741411
425547534516880	425547547786879	425547534807036
425547563005578	425547580660681	425547563293286
425547563204015	425547588878650	425547563296724
425547591556515	425547605314953	425547591853390
425547623350474	425547638189275	425547623668755
425547623591724	425547646409171	425547623673859
425547651795161	425547662849327	425547652080630
425547681189484	425547695729588	425547681499015
425547681431724	425547703950473	425547681512245
425547709560942	425547720390994	425547709851567
425547738055578	425547753269015	425547738369536
425547738312817	425547761490733	425547738370786
425547766700474	425547777931307	425547766983703
425547794203755	425547810807661	425547794501099
425547794521255	425547819027192	425547794608599
425547823517817	425547835465421	425547823785474
425547851486724	425547868345212	425547851774484
425547851648130	425547876563858	425547851788547
425547880714172	425547893001046	425547881004015
425547910365942	425547925876306	425547910691724
425547910593911	425547934097453	425547910695421
425547940149536	425547958760577	425547940431567
425547970246984	425547983422192	425547970559536
425547970508703	425547991642400	425547970559849
425547999401880	425548016305733	425547999692661
425548029458546	425548040970994	425548029756411
425548029706099	425548049192608	425548029757192
425548060144328	425548073856202	425548060434380
425548090354380	425548106739900	425548090627036
425548090729380	425548114960525	425548090814380
425548118914849	425548131402348	425548119201984
425548148774067	425548164281983	425548149072036
425548149017765	425548172500838	425548149072765
425548178386203	425548188937348	425548178665942
425548208118703	425548221806931	425548208318130
425548208357036	425548230024379	425548208454692
425548237333755	425548254675994	425548237603911
425548267014380	425548279330629	425548267330786
425548267239067	425548287549275	425548267338390
425548295066880	425548312206411	425548295342296
425548324252505	425548336863858	425548324543755
425548324561411	425548345083807	425548324628390
425548353066671	425548369748025	425548353330109
425548383282505	425548394411618	425548383597973
425548383495473	425548402632713	425548383606255
425548411692661	425548427299484	425548411982505
425548440359640	425548451962400	425548440659328
425548440585005	425548460182712	425548440676880
425548469859692	425548484849483	425548470162296
425548498192661	425548509514327	425548498511046
425548498580942	425548517736046	425548498672296
425548527167661	425548542399379	425548527456046
425548556186723	425548567063545	425548556473286
425548556409067	425548575284587	425548556484067
425548586160630	425548599949587	425548586458911
425548615955942	425548632835889	425548616221880
425548616284640	425548641057556	425548616384380
425548645533442	425548657502296	425548645819692
425548674840630	425548690395421	425548675098911
425548675109484	9223372036854775807	425548675212505

POLL t=22.2 tick=721
8333333
425557911672501	425557936351667	425557911792814
425557928489324	425557944571980	425557928701095
425557973789168	425557985669219	425557974071095
425557974280470	425557993888802	425557974363074
425558004100313	425558018550677	425558004382918
425558032164220	425558043212865	425558032395157
425558032545157	425558051433229	425558032631199
425558049189220	425558059653022	425558049587761
425558099680626	425558117180834	425558099974063
425558100122501	425558125400573	425558100225157
425558130650261	425558141839115	425558130963595
425558158496563	425558174717813	425558158705313
425558158974845	425558182937917	425558159072657
425558175618438	425558191157813	425558175984532
425558226408855	425558240468542	425558226686563
425558226762970	425558248688073	425558226840418
425558256480782	425558273345625	425558256635626
425558283594376	425558298004532	425558283863282
425558283950157	425558306224532	425558284074168
425558300621251	425558314444792	425558301028438
425558350731511	425558363758073	425558351026407
425558377120782	425558388416719	425558377412449
425558377539793	425558396636927	425558377634688
425558407049011	425558421294584	425558407378126
425558435636355	425558445949427	425558435934324
425558436092605	425558454167501	425558436168907
425558452707188	425558470605313	425558453106511
425558499722813	425558511702084	425558500013074
425558529809845	425558544577709	425558530098855
425558530248542	425558552794845	425558530344167
425558546864063	425558561012709	425558547249792
425558594536667	425558610328386	425558594878230
425558595014845	425558618548751	425558595091251
425558624660469	425558634986355	425558624956667
425558628259063	425558643204896	425558628465157
425558659494480	425558676078489	425558659840105
425558661608282	425558684297135	425558661906407
425558692080313	425558708951928	425558692246407
425558724798230	425558741823125	425558725083438
425558725185469	425558750040053	425558725272188
425558758125313	425558774694479	425558758427032
425558782728438	425558799351407	425558783010105
425558810280626	425558824011771	425558810563386
425558810648074	425558832231927	425558810725313
425558827277761	425558840453542	425558829970990
425558870472136	425558881550573	425558870727344
425558895977344	425558914427865	425558896273230
425558896352032	425558922647396	425558896453542
425558913048594	425558930866303	425558913453126
425558951476407	425558963742240	425558951888751
425558978102657	425558988398490	425558978367501
425558978485001	425558996615365	425558978579063
425558995091667	425559013048594	425558995500782
425559031891876	425559045922813	425559032156251
425559056267501	425559070581719	425559056589792
425559056705157	425559078801823	425559056795626
425559073241876	425559087023229	425559073615782
425559107980105	425559119900417	425559108233907
425559132608386	425559144563021	425559132917448
425559132970626	425559152783542	425559133078907
425559149610157	425559161004531	425559149990782
425559180544219	425559193883907	425559180810782
425559184510001	425559202103073	425559184803751
425559201423698	425559218540416	425559201733126
425559216335573	425559226759792	425559216724844
425559257956407	425559276071771	425559258236251
425559284767657	425559300724166	425559284948594
425559285104532	425559308941042	425559285205000
425559301823386	425559317158386	425559302196198
425559345116250	425559358242813	425559345440417
425559345491823	425559366459219	425559345607188
425559362141667	425559374677291	425559362527500
425559408741719	425559423982760	425559409016355
425559458780625	425559473292344	425559459081563
425559459195313	425559481510521	425559459283698
425559475885157	425559489727083	425559476288438
425559492561407	425559506161510	425559492917188
425559537283125	425559555472084	425559537566511
425559537680625	425559563690989	425559537770625
425559554352605	425559571909375	425559554821563
425559570987344	425559588345157	425559571355782
425559601253907	425559613004271	425559601509688
425559604365573	425559621223541	425559604562292
425559637617500	425559654102291	425559637899063
425559638151719	425559662322136	425559638249063
425559654904167	425559670540885	425559655149219
425559671530261	425559686979531	425559671961250
425559701746355	425559719856563	425559702007344
425559704792292	425559728075104	425559705083125
425559738948438	425559752731770	425559739221354
425559739347813	425559760950000	425559739450729
425559755981250	425559769168385	425559756398542
425559772686407	425559785606823	425559773065000
425559803512136	425559818484531	425559803802813
425559805990573	425559826704115	425559806277761
425559840561563	425559851359115	425559840861563
425559841005000	425559859577135	425559841102188
425559857633594	425559867796563	425559858033438
425559874285625	425559884237083	425559874652032
425559905193907	425559917116458	425559905468907
425559907559948	425559925337187	425559907864792
425559942132604	425559958215208	425559942337761
425559942525261	425559966433958	425559942625000
425559959173698	425559974653281	425559959558906
425559975934688	425559991092656	425559976301042
425560004331875	425560015750520	425560004626563
425560009168906	425560023969687	425560009544688
425560039593594	425560056846510	425560039856563
425560042470156	425560065065313	425560042806250
425560059198438	425560073283646	425560059580000
425560075888906	425560089721197	425560076253542
425560128172969	425560139041354	425560128446250
425560155405313	425560171914583	425560155825469
425560155950729	425560180131979	425560156032500
425560172484688	425560188349947	425560172679636
425560189098594	425560204788541	425560189473594
425560219455469	425560237663646	425560219745625
425560222357604	425560245883124	425560222669063
425560254547656	425560270543124	425560254996042
425560255905729	425560278763645	425560256191042
425560272445000	425560286984114	425560272814844
425560289205938	425560303422604	425560289577031
425560319281875	425560336295572	425560319557500
425560351620729	425560369168749	425560351895938
425560351974323	425560377388229	425560352149219
425560368685625	425560385607916	425560369089219
425560385318594	425560402044271	425560385722292

POLL t=33.7 tick=984
8333333
425569347935778	425569368584788	425569348072601
425569378432184	425569393243642	425569378732497
425569381176872	425569401463485	425569381491090
425569412906663	425569426122132	425569413209059
425569444174007	425569458998069	425569444462809
425569444578747	425569467218850	425569444667913
425569461204997	425569475439423	425569461575101
425569510182445	425569524753225	425569510540465
425569510459684	425569532972808	425569510541559
425569540694788	425569557631142	425569541017340
425569570260934	425569582290048	425569570543434
425569570604007	425569590509163	425569570699997
425569587269163	425569598729423	425569587647497
425569640586715	425569656268590	425569640846976
425569666327184	425569680932861	425569666684997
425569666566559	425569689154059	425569666692809
425569696263851	425569713811142	425569696688590
425569699867340	425569722030517	425569700204944
425569731808747	425569746688747	425569732122184
425569733349059	425569754907027	425569733650778
425569763674371	425569779561194	425569764012653
425569793358903	425569804218954	425569793661559
425569793751246	425569812438589	425569793859684
425569810442965	425569828876403	425569810842601
425569860167965	425569878194058	425569860451403
425569888662340	425569902854580	425569888957913
425569889041351	425569911074944	425569889134059
425569905715257	425569919293486	425569906089215
425569955287496	425569968610986	425569955582288
425569983032288	425569993266923	425569983170465
425569983436351	425570001487861	425569983532444
425570000138434	425570017924111	425570000563590
425570050054840	425570067242392	425570050333121
425570077287601	425570091898485	425570077646663
425570077569371	425570100118121	425570077653069
425570094281246	425570108338173	425570094703746
425570148075153	425570165867808	425570148266871
425570174487340	425570190524163	425570174811715
425570174902028	425570198743121	425570174990153
425570206550725	425570223402860	425570206830465
425570208259163	425570231622443	425570208536090
425570239185257	425570256281142	425570239497184
425570269200778	425570280934839	425570269492340
425570269607965	425570289153277	425570269691715
425570286211715	425570297371662	425570286671403
425570339040621	425570354906090	425570339301663
425570364429684	425570379566975	425570364729840
425570364833121	425570387787600	425570364933538
425570394895882	425570412446558	425570395193278
425570424572027	425570437107339	425570424860152
425570424894319	425570445326819	425570425006715
425570441541559	425570453546089	425570441918225
425570493584007	425570511085517	425570493855152
425570519018590	425570535741871	425570519305100
425570519418538	425570543961714	425570519480621
425570549924215	425570560399162	425570550228225
425570579033850	425570593272704	425570579310777
425570579440465	425570601490777	425570579530621
425570596023538	425570609709475	425570596278225
425570647566819	425570659021454	425570647840309
425570674461246	425570691896037	425570674744632
425570703354788	425570716553434	425570703793277
425570728604996	425570741215100	425570728917652
425570729027132	425570749435048	425570729118382
425570759979996	425570774094840	425570760290621
425570790925309	425570806976558	425570791222809
425570791342965	425570815197391	425570791444684
425570807881402	425570823418225	425570808095465
425570863631715	425570880956298	425570863881715
425570889630465	425570905613485	425570889914215
425570890079840	425570913832079	425570890168850
425570920916402	425570938494162	425570921212027
425570949654527	425570963156975	425570949958850
425570949995413	425570971376558	425570950060465
425570966671402	425570979596142	425570967057756
425571017821663	425571028917444	425571018128538
425571018312965	425571037138694	425571018424527
425571048687184	425571061802287	425571049011559
425571051762965	425571070024631	425571052028381
425571084137131	425571094689266	425571084404683
425571085221506	425571102908693	425571085462131
425571116088121	425571127570047	425571116095777
425571145030152	425571160452599	425571145301246
425571145344371	425571168673485	425571145464996
425571162036871	425571176893225	425571162414475
425571213267288	425571226204943	425571213540621
425571213637913	425571234423172	425571213732913
425571244803590	425571259080308	425571245081246
425571274309371	425571291959422	425571274594788
425571274743538	425571300177443	425571274838225
425571291297808	425571308395569	425571291756194
425571342217808	425571357707704	425571342498746
425571342529840	425571365925725	425571342642288
425571373955777	425571390579423	425571374229006
425571375960725	425571398798121	425571376232340
425571392579371	425571407017444	425571392949215
425571443264788	425571456337808	425571443539058
425571443822600	425571464556767	425571443863225
425571475537183	425571489213641	425571475813538
425571477245933	425571497433120	425571477530621
425571508875412	425571522092808	425571509188121
425571510726350	425571530312235	425571510981246
425571541874162	425571554969162	425571542164006
425571572905933	425571587847756	425571573151402
425571573564527	425571596066766	425571573918902
425571590158537	425571604286609	425571590557340
425571640845933	425571653604527	425571641119371
425571641246194	425571661823277	425571641331506
425571672223746	425571686479475	425571672512287
425571674487027	425571694697808	425571674815881
425571691244840	425571702917495	425571691631402
425571741888589	425571752225516	425571742182444
425571742572183	425571760442391	425571742885100
425571772284319	425571785096037	425571772567652
425571775874162	425571793313745	425571776169527
425571808398069	425571826185620	425571808700881
425571809202756	425571834404683	425571809516558
425571841066871	425571859062912	425571841365621
425571842677027	425571867283224	425571842995621
425571873861819	425571891945308	425571874153225
425571903398277	425571916606818	425571903840933
425571903981714	425571924827339	425571904093277
425571920421506	425571933048433	425571920813589
425571972374058	425571990594214	425571972680100
425572000774996	425572015254214	425572001058433
425572001096558	425572023473902	425572001240100
425572017791558	425572031691349	425572018164683

POLL t=45.2 tick=1441
8333333
425581197026242	425581220967752	425581197156242
425581230702909	425581245621190	425581231000096
425581230922440	425581253839731	425581231003430
425581266269367	425581278494471	425581266664523
425581266472492	425581286713742	425581266668221
425581300607023	425581311368638	425581300929159
425581300817180	425581319586138	425581300932596
425581334577284	425581352459159	425581334883742
425581334819159	425581360677752	425581334884159
425581369902648	425581385334523	425581370207961
425581370189940	425581393553482	425581370279680
425581404810305	425581418207700	425581405126867
425581404974367	425581426428065	425581405141398
425581421719211	425581434648638	425581422096971
425581438454055	425581451087804	425581438814992
425581473794367	425581492178168	425581474085773
425581474013377	425581500396970	425581474089315
425581509277440	425581525053481	425581509590461
425581509504002	425581533273690	425581509594992
425581544794367	425581557927648	425581545102752
425581544983377	425581566145512	425581545107336
425581578342961	425581590796398	425581578645617
425581578569836	425581599014054	425581578652440
425581612920461	425581623666919	425581613236398
425581613236815	425581631885096	425581613336867
425581645874627	425581656536814	425581646158586
425581646494367	425581664754367	425581646795773
425581680315461	425581697628585	425581680622961
425581680521086	425581705846867	425581680634679
425581723028534	425581738717961	425581723323429
425581723259679	425581746936658	425581723327440
425581761801659	425581779805981	425581762218065
425581762050304	425581788022700	425581762220929
425581795499523	425581812675200	425581795807023
425581795771398	425581820893742	425581795868273
425581830569784	425581845545669	425581830888534
425581830749627	425581853762804	425581830892492
425581873358117	425581886635877	425581873647023
425581873647284	425581894854522	425581873732023
425581904571971	425581919509626	425581904878690
425581906888377	425581927728481	425581907174159
425581939328273	425581952383117	425581939628065
425581940312440	425581960601554	425581940597179
425581973874367	425581985256242	425581974185409
425581974103273	425581993473949	425581974189940
425582003967804	425582018129574	425582004271242
425582007503533	425582026347388	425582007776971
425582040759992	425582050998585	425582041062127
425582041014471	425582059215929	425582041111398
425582074662023	425582092082908	425582074954002
425582074843742	425582100300981	425582074968273
425582121135773	425582133170825	425582121436867
425582121346502	425582141387126	425582121441502
425582138089315	425582149605408	425582138459054
425582154746242	425582166039939	425582155127440
425582188854523	425582207125564	425582189133533
425582189077023	425582215341606	425582189134315
425582205836554	425582223557595	425582206230565
425582222507127	425582239991606	425582222880148
425582262777960	425582281070824	425582263167023
425582263021242	425582289287804	425582263170096
425582299370773	425582313939158	425582299675304
425582299624054	425582322157699	425582299676346
425582334405773	425582346810148	425582334705773
425582334631398	425582355028637	425582334709471
425582369399367	425582379682439	425582369683065
425582369618846	425582387899939	425582369683846
425582403784523	425582420771241	425582404088065
425582404028065	425582428988429	425582404092179
425582436908273	425582453640928	425582437187440
425582437411085	425582461858533	425582437492752
425582471423117	425582486507855	425582471720773
425582471621346	425582494723220	425582471725304
425582505977179	425582519375564	425582506298846
425582506227335	425582527594575	425582506299523
425582540286658	425582552254626	425582540632596
425582540466815	425582560474262	425582540644367
425582574317492	425582585136241	425582574625148
425582574476971	425582593355773	425582574637283
425582591285721	425582609792491	425582591664367
425582634637752	425582650879887	425582634911398
425582634934315	425582659098428	425582635006242
425582651591085	425582667318533	425582652015929
425582688384314	425582700189210	425582688674210
425582688614210	425582708407075	425582688677908
425582725092648	425582741283533	425582725375877
425582725296658	425582749503429	425582725386971
425582742095617	425582757722178	425582742310460
425582775979627	425582790592492	425582776276189
425582776293689	425582798809991	425582776397804
425582813222023	425582823460720	425582813529314
425582813452908	425582831677335	425582813533221
425582856672648	425582872764522	425582856973429
425582856964992	425582880982438	425582857071242
425582896891189	425582913850251	425582897184210
425582897123064	425582922068377	425582897188585
425582928649679	425582946720304	425582928927908
425582930550252	425582954936918	425582930817752
425582961216398	425582979589001	425582961524939
425582963847335	425582987805512	425582964092179
425582993859679	425583004242752	425582994127335
425583026690877	425583037118897	425583026981241
425583026891710	425583045337230	425583026988116
425583059156189	425583069987752	425583059448273
425583060281866	425583078204782	425583060571710
425583091324471	425583102856606	425583091614054
425583093664366	425583111073637	425583093942908
425583124816710	425583135722335	425583125111658
425583126964002	425583143939157	425583128062491
425583156246241	425583168588063	425583156528064
425583187015252	425583201458168	425583187320616
425583187264523	425583209674313	425583187346866
425583219385304	425583234326502	425583219673585
425583220573533	425583242543064	425583220865616
425583249705304	425583267191761	425583249987283
425583280522023	425583291837439	425583280838377
425583280707439	425583300054105	425583280843585
425583311310148	425583324702439	425583311590304
425583314049523	425583332918428	425583314329158
425583330805564	425583341135460	425583331187335
425583347499054	425583357569626	425583347883064
425583364266866	425583382219314	425583364622491
425583380904939	425583398653220	425583381281085
425583397487804	425583415086085	425583397849991
425583414136970	425583431519158	425583414504679
425583430838533	425583447953012	425583431224783
425583447519314	9223372036854775807	425583447914991

