window ticks 1985->2565 wall 25.83 s (units: 10 ms per state)
--- cpu0 freq_Hz delta_10ms
384000 0
556800 0
748800 0
960000 0
1152000 0
1363200 0
1555200 0
1785600 642
1996800 45
2227200 31
2400000 9
2745600 10
2918400 5
3072000 3
3321600 5
3532800 1838
--- cpu1 freq_Hz delta_10ms
384000 0
556800 0
748800 0
960000 0
1152000 0
1363200 0
1555200 0
1785600 647
1996800 45
2227200 31
2400000 9
2745600 10
2918400 5
3072000 3
3321600 5
3532800 1833
--- cpu2 freq_Hz delta_10ms
384000 0
556800 0
748800 0
960000 0
1152000 0
1363200 0
1555200 0
1785600 652
1996800 45
2227200 31
2400000 9
2745600 10
2918400 5
3072000 3
3321600 5
3532800 1829
--- cpu3 freq_Hz delta_10ms
384000 0
556800 0
748800 0
960000 0
1152000 0
1363200 0
1555200 0
1785600 655
1996800 45
2227200 32
2400000 9
2745600 11
2918400 5
3072000 3
3321600 5
3532800 1826
--- cpu4 freq_Hz delta_10ms
384000 0
556800 0
748800 0
960000 0
1152000 0
1363200 0
1555200 0
1785600 659
1996800 45
2227200 32
2400000 9
2745600 11
2918400 5
3072000 3
3321600 5
3532800 1823
--- cpu5 freq_Hz delta_10ms
384000 0
556800 0
748800 0
960000 0
1152000 0
1363200 0
1555200 0
1785600 661
1996800 47
2227200 32
2400000 9
2745600 11
2918400 5
3072000 3
3321600 5
3532800 1821
--- cpu6 freq_Hz delta_10ms
1017600 0
1209600 0
1401600 0
1689600 0
1958400 0
2246400 137
2438400 18
2649600 24
2841600 51
3072000 55
3283200 33
3513600 46
3801600 578
4089600 730
4204800 154
4320000 765
--- cpu7 freq_Hz delta_10ms
1017600 0
1209600 0
1401600 0
1689600 0
1958400 0
2246400 139
2438400 18
2649600 24
2841600 51
3072000 55
3283200 33
3513600 46
3801600 578
4089600 728
4204800 154
4320000 766
gpu_freqs: 1100000000 1050000000 967000000 900000000 832000000 734000000 660000000 607000000 525000000 443000000 389000000 342000000 222000000 160000000
gpu_clock_stats_delta: 0 0 0 0 0 0 15200647 0 0 0 0 0 0 0
