POLL t=10.9 tick=378
8333333
430759928823694	430759954746350	430759928883798
430759957741506	430759971183694	430759958025100
430759985549631	430760004058224	430759985833537
430759985718694	430760012278225	430759985837704
430760016145517	430760028717600	430760016439944
430760044303694	430760061588901	430760044609892
430760044479006	430760069807182	430760044615725
430760073318798	430760086244631	430760073603694
430760101258381	430760119114006	430760101586767
430760101483537	430760127332235	430760101589787
430760130760985	430760143770620	430760131058694
430760158233225	430760176649735	430760158512912
430760158546610	430760184870099	430760158626819
430760187298173	430760201309266	430760187601142
430760215612860	430760225967704	430760215911506
430760215785881	430760234187391	430760215922444
430760244363641	430760258844475	430760244657912
430760271918850	430760283498329	430760272161923
430760272243798	430760291716610	430760272343537
430760300525204	430760316370360	430760300813329
430760328397756	430760341025984	430760328732131
430760328629162	430760349243485	430760328737079
430760356645569	430760373895776	430760356934735
430760384422912	430760398548380	430760384713694
430760384654319	430760406766818	430760384768069
430760412955673	430760431418641	430760413237756
430760440504891	430760456074318	430760440887287
430760440654006	430760464290828	430760440892443
430760468739475	430760480726245	430760469022287
430760497173068	430760513595829	430760497478954
430760497416298	430760521814891	430760497498173
430760525052756	430760538251557	430760525341350
430760552450412	430760562908693	430760552787756
430760552808381	430760571127807	430760552914631
430760580813173	430760595786350	430760581102235
430760608982443	430760620443433	430760609285516
430760609269631	430760628661401	430760609376037
430760637805673	430760653314787	430760638183954
430760664816662	430760677968224	430760665128485
430760664991454	430760686185360	430760665133381
430760693171818	430760710838068	430760693442287
430760721445204	430760735490620	430760721734475
430760721620412	430760743707183	430760721748693
430760750145568	430760768361609	430760750425256
430760778748381	430760793013380	430760779051610
430760778933329	430760801230099	430760779059006
430760807784266	430760825882599	430760808088225
430760835894631	430760850536609	430760836210673
430760836113329	430760858753953	430760836214787
430760864231818	430760875188849	430760864510100
430760892763850	430760908057495	430760893081350
430760892937131	430760916274006	430760893085100
430760921943016	430760932707443	430760922227079
430760950021662	430760965574735	430760950205829
430760950309631	430760973793276	430760950403850
430760978249631	430760990228172	430760978545412
430761007533954	430761023096765	430761007856922
430761007683693	430761031314422	430761007860412
430761035948850	430761047750620	430761036250516
430761066225672	430761080622599	430761066541037
430761066540829	430761088839578	430761066621818
430761094232756	430761105273484	430761094519891
430761123461193	430761138142911	430761123787547
430761123810672	430761146359734	430761123877235
430761152165724	430761162797078	430761152461662
430761181903641	430761195670724	430761182210360
430761182148537	430761203889787	430761182211037
430761210989787	430761228550568	430761211251297
430761239776974	430761253206766	430761240083224
430761240131922	430761261425255	430761240180568
430761268440099	430761286081192	430761268722443
430761296325099	430761310735619	430761296628016
430761296506454	430761318954891	430761296640256
430761324937235	430761335391609	430761325208954
430761353697756	430761368267495	430761353981037
430761353962235	430761376486818	430761354071818
430761381903954	430761392925047	430761382193224
430761409977287	430761425804005	430761410256974
430761410274891	430761434023484	430761410334943
430761438915672	430761450464213	430761439187756
430761467585724	430761483347599	430761467883693
430761467732756	430761491569526	430761467889162
430761494927287	430761508012442	430761495224943
430761524855203	430761540894683	430761525151193
430761525178068	430761549115099	430761525289110
430761553349318	430761565556766	430761553648016
430761583374006	430761598437547	430761583695412
430761583615672	430761606657026	430761583699422
430761613817599	430761631318432	430761614112078
430761644568068	430761655979734	430761644960568
430761644760412	430761664200515	430761644974318
430761674777078	430761688860255	430761675072443
430761705197391	430761721738745	430761705492860
430761705406506	430761729959058	430761705500047
430761734063537	430761746397130	430761734349110
430761768022443	430761779276557	430761768294162
430761768276453	430761787494109	430761768378068
430761798473537	430761812148120	430761798760724
430761828035724	430761845027078	430761828297912
430761828302443	430761853248848	430761828386505
430761857659787	430761869690619	430761857964474
430761888715412	430761902564735	430761889006037
430761889072130	430761910783901	430761889169578
430761918673328	430761935441922	430761918939578
430761949455099	430761960100880	430761949844630
430761949646818	430761968322130	430761949850412
430761979527755	430761992981244	430761979830828
430762008360412	430762025856505	430762008686453
430762008590985	430762034074786	430762008690360
430762037968849	430762050513276	430762038243224
430762066540255	430762083385203	430762066674422
430762066781505	430762091602703	430762066869630
430762095204474	430762108039474	430762095507443
430762123265880	430762140915463	430762123565828
430762123498641	430762149134838	430762123577599
430762152324787	430762165572391	430762152730880
430762179837130	430762190231401	430762180108380
430762180130255	430762198450984	430762180237755
430762209669891	430762223108953	430762209952234
430762237846818	430762255989057	430762238141818
430762238076037	430762264207651	430762238142599
430762267706662	430762280645984	430762268015568
430762296149474	430762313524473	430762296409787
430762296377755	430762321744265	430762296470047
430762325176349	430762338183223	430762325471922
430762353476974	430762371056400	430762353851818
430762353662287	9223372036854775807	430762353855568

POLL t=22.9 tick=741
8333333
430771916976502	430771927379366	430771917239262
430771917301345	430771935595720	430771917418845
430771933992387	430771952028220	430771934390668
430771978465720	430771993105720	430771978726033
430771978900356	430772001323064	430771979000356
430771995529783	430772009541345	430771995930564
430772035852283	430772050627960	430772036108949
430772036296449	430772058844209	430772036402127
430772052974158	430772067061189	430772053364158
430772069684418	430772083495252	430772070045981
430772098418168	430772116362127	430772098705199
430772102950408	430772124578428	430772103214731
430772119622387	430772132795199	430772120063637
430772154085981	430772165664158	430772154368533
430772154491033	430772173881918	430772154595564
430772171095252	430772182100095	430772171492127
430772187802752	430772198537804	430772188163064
430772241063637	430772256057543	430772241342595
430772284173949	430772297141344	430772284391501
430772284605251	430772305359313	430772284705564
430772301261762	430772313576345	430772301650564
430772318002231	430772330012855	430772318361293
430772351468376	430772362880303	430772351744001
430772378724731	430772395748896	430772379033533
430772379221189	430772403963636	430772379317908
430772395737126	430772412177803	430772396442595
430772412476918	430772428608845	430772412845408
430772443187908	430772461475303	430772443483012
430772445720720	430772469693376	430772446015356
430772475575824	430772486125928	430772475861814
430772479134314	430772494342230	430772479339783
430772495796189	430772510774313	430772496197283
430772512441449	430772527207283	430772512805720
430772544142126	430772560068584	430772544381189
430772573931501	430772584719158	430772574149314
430772574342751	430772592935720	430772574426449
430772590996814	430772609368585	430772591410564
430772607674939	430772625803115	430772608110564
430772636877751	430772650451605	430772637141189
430772641254939	430772658668636	430772641530356
430772667924001	430772683317438	430772668241189
430772674421658	430772691535303	430772674680668
430772705031189	430772716188948	430772705308480
430772707717387	430772724407282	430772707971658
430772724362283	430772740846084	430772724759262
430772757911658	430772773717542	430772758217387
430772758403689	430772781935251	430772758502543
430772774907595	430772790151761	430772775121658
430772791590876	430772806586240	430772791963168
430772822749314	430772839459053	430772823053220
430772851943324	430772864112178	430772852183845
430772852479001	430772872329990	430772852591814
430772869106658	430772880548011	430772869505199
430772885762439	430772896983793	430772886132907
430772916541918	430772929851605	430772916845407
430772946161970	430772962716813	430772946457439
430772946563949	430772970932022	430772946668012
430772963132230	430772979148324	430772963477907
430772979868376	430772995580615	430772980226501
430773010539626	430773028444418	430773010907751
430773040292439	430773053090615	430773040584626
430773040685407	430773061307178	430773040774105
430773057265980	430773069523844	430773057661762
430773073978845	430773085959522	430773074350199
430773104305407	430773118828115	430773104581918
430773134163689	430773151691553	430773134473376
430773134561189	430773159906657	430773134673532
430773151827439	430773168123845	430773152721137
430773167921657	430773184557178	430773168313532
430773195625251	430773209206553	430773195889470
430773201332595	430773217423584	430773201525720
430773228826449	430773242074938	430773229133480
430773234517699	430773250291605	430773234991814
430773251244574	430773266724626	430773251629730
430773282311032	430773299596865	430773282650564
430773284450095	430773307813845	430773284751032
430773301150876	430773316031500	430773301537543
430773317865095	430773332467699	430773318240824
430773348731032	430773365340511	430773349027282
430773379179782	430773389998011	430773379469314
430773379682595	430773398217334	430773379811189
430773396266970	430773414654573	430773396686032
430773412901345	430773431090251	430773413289939
430773443463168	430773455738792	430773443746657
430773446246032	430773463954678	430773446539939
430773478301345	430773488604418	430773478598532
430773479674886	430773496820720	430773479972126
430773496292230	430773513253323	430773496674314
430773512952074	430773529686761	430773513370876
430773544113376	430773554337751	430773544325251
430773546239261	430773562556188	430773546917126
430773577662386	430773595423011	430773577951501
430773579582595	430773603639469	430773579855980
430773596251032	430773611858532	430773596657595
430773612940876	430773628296084	430773613312751
430773644118324	430773661162490	430773644348793
430773676825095	430773694030719	430773677104782
430773677179001	430773702248688	430773677272282
430773694224470	430773710467230	430773694391188
430773710630407	430773726902802	430773711022543
430773741070407	430773759770407	430773741335251
430773743827074	430773767987438	430773744124730
430773775766813	430773792633636	430773776093532
430773777279001	430773800849834	430773777593845
430773793904470	430773809065563	430773794135876
430773810666032	430773825498323	430773811048220
430773841710095	430773858363063	430773841996918
430773871715563	430773883010719	430773872142699
430773872211501	430773891226136	430773872335251
430773888764782	430773899441552	430773889168949
430773905411345	430773915873063	430773905772230
430773936365980	430773948743427	430773936653845
430773966962282	430773981616448	430773967246292
430773967402751	430773989835511	430773967502595
430773983963949	430773998052802	430773984340876
430774000628220	430774014488792	430774001004105
430774031914782	430774047356083	430774032197907
430774062026605	430774080226240	430774062301136
430774062374938	430774088445927	430774062473636
430774079028324	430774096664052	430774079431188
430774095693063	430774113100146	430774096094938
430774126963688	430774137754365	430774127240355
430774158726501	430774170628636	430774159050667
430774159272126	430774178848948	430774159351032
430774175793220	430774187068531	430774176160407
430774192470563	430774203508271	430774192839313
430774223707386	9223372036854775807	430774223996188

POLL t=34.5 tick=998
8333333
430783232793529	430783251362018	430783232886029
430783263674466	430783276011705	430783264113164
430783292682435	430783308876705	430783292886185
430783293060091	430783317092747	430783293151029
430783309661029	430783325308476	430783309877226
430783361758633	430783374599153	430783362178789
430783390137383	430783407464466	430783390432383
430783390532278	430783415680351	430783390622226
430783407846966	430783423897069	430783408554622
430783457883841	430783473188112	430783458176185
430783458331028	430783481403736	430783458584935
430783489326810	430783506049726	430783489625351
430783518123060	430783530695403	430783518392903
430783518501810	430783538911341	430783518588633
430783535138320	430783547127851	430783535538320
430783586353997	430783604633788	430783586653789
430783586796497	430783612848319	430783586888789
430783618840351	430783629279153	430783619167539
430783648711758	430783662138892	430783649037539
430783649126966	430783670353580	430783649258945
430783665758841	430783678568007	430783666151185
430783716530351	430783727861393	430783716813685
430783716955664	430783736078528	430783717067278
430783748848841	430783760725559	430783749132435
430783750378216	430783768941601	430783750675195
430783781385976	430783793591913	430783781695872
430783812183997	430783826457538	430783812466341
430783812574935	430783834675246	430783812664570
430783829202591	430783842892694	430783829591497
430783881004153	430783892195090	430783881305247
430783908967851	430783925061913	430783909253164
430783909412070	430783933279726	430783909508997
430783926034778	430783941496289	430783926241185
430783976993060	430783990789205	430783977267903
430783977581497	430783999005611	430783977974257
430784009029310	430784023655872	430784009198841
430784040510872	430784056526445	430784040797226
430784040860976	430784064743632	430784040963632
430784057498372	430784072960298	430784057888684
430784108161289	430784122260872	430784108437434
430784108546809	430784130478527	430784108658476
430784139413945	430784155129778	430784139564934
430784141806653	430784163347694	430784142103632
430784174712226	430784188000559	430784175009101
430784175246497	430784196219934	430784175333372
430784206818841	430784220876236	430784207107226
430784238338528	430784253747225	430784238637539
430784238745091	430784261964934	430784238846184
430784255262591	430784270183788	430784255627226
430784305661184	430784319497590	430784305942903
430784305838841	430784327716496	430784305950820
430784335808059	430784352367278	430784336125872
430784339221341	430784360584466	430784339545976
430784371470351	430784385236705	430784371959153
430784372674622	430784393455142	430784372988841
430784403916445	430784418109413	430784404238216
430784433888997	430784450979778	430784434048684
430784434262226	430784459196965	430784434359414
430784450964414	430784467415715	430784451286028
430784501157538	430784516724778	430784501456653
430784501651028	430784524944309	430784501738684
430784533551809	430784549600454	430784533767278
430784563677434	430784582475923	430784563978372
430784564150872	430784590694934	430784564244309
430784580760247	430784598913632	430784581148684
430784636018945	430784648222955	430784636317903
430784661046184	430784672877277	430784661350663
430784661381757	430784681095298	430784661509257
430784678106340	430784689313996	430784678482903
430784729237278	430784746843319	430784729514778
430784729782278	430784755061809	430784729892382
430784761048215	430784771501965	430784761344153
430784763372903	430784779719621	430784763578476
430784796138997	430784812590819	430784796208372
430784796694257	430784820808945	430784797018840
430784828088632	430784845464361	430784828235872
430784857457903	430784870114881	430784857759778
430784857870976	430784878331340	430784857968528
430784874530507	430784886547642	430784874913684
430784925083372	430784935841340	430784925387122
430784925633476	430784944056809	430784925732278
430784957077747	430784968709622	430784957194309
430784986345403	430785001580038	430784986638528
430784986813215	430785009799309	430784986916653
430785003411340	430785018017694	430785003825247
430785055579309	430785067332434	430785055895403
430785085154882	430785100206340	430785085444570
430785085572851	430785108425975	430785085675976
430785102203372	430785116644986	430785102590820
430785153166028	430785165956027	430785153440819
430785153557122	430785174174413	430785153671340
430785184812538	430785198831392	430785185137747
430785186913372	430785207050819	430785187201340
430785203584465	430785215268475	430785203962538
430785254473997	430785272797121	430785254776497
430785254958476	430785281014778	430785255051340
430785286661028	430785297449726	430785286969622
430785288444257	430785305666705	430785288757278
430785305095819	430785322101704	430785305489622
430785356306340	430785371397746	430785356587538
430785356802590	430785379614986	430785356896028
430785388479726	430785404266288	430785388753163
430785390169934	430785412484673	430785390457590
430785421556653	430785437140193	430785421877434
430785451480871	430785470009464	430785451799778
430785451913007	430785478226965	430785452054934
430785468488528	430785486446340	430785468893996
430785519281184	430785535752381	430785519543528
430785519934101	430785543969985	430785520236965
430785551119309	430785568620559	430785551426028
430785581057434	430785593267694	430785581325246
430785581441653	430785601482069	430785581542278
430785598107278	430785609695038	430785598504726
430785650787694	430785667204152	430785651016132
430785679218371	430785691855194	430785679536601
430785679633840	430785700072121	430785679737121
430785696263163	430785708289464	430785696671601
430785740455090	430785757584829	430785740746340
430785740875559	430785765801496	430785741008840
430785771415819	430785782235871	430785771708319
430785774183475	430785790454204	430785775051809
430785790904309	430785806889777	430785791297069
430785841332903	430785856197641	430785841624465
430785841742434	430785864416965	430785841836132
430785872387746	430785889067225	430785872832434
430785875046288	430785897283422	430785875331444
430785907476028	9223372036854775807	430785907787746

POLL t=46.0 tick=1574
8333333
430795128175868	430795142272950	430795128498472
430795128360868	430795150491076	430795128504566
430795161911805	430795175146908	430795162241493
430795162183159	430795183364201	430795162241909
430795196814461	430795208018367	430795197110503
430795197085086	430795216235763	430795197186180
430795230149930	430795240887586	430795230430347
430795230451805	430795249105867	430795230517274
430795264680711	430795281978107	430795264975086
430795264921180	430795290195086	430795264976024
430795299521909	430795314847534	430795299814618
430795299755503	430795323064461	430795299818055
430795316672118	430795331281388	430795317027118
430795356657430	430795372366179	430795356948680
430795356842899	430795380582795	430795356977691
430795373601909	430795388799670	430795373966336
430795407893836	430795421665763	430795408184930
430795408207586	430795429881700	430795408261597
430795444135868	430795462744044	430795444408993
430795444379618	430795470959981	430795444483993
430795461118836	430795479175711	430795461522378
430795494602899	430795512041440	430795494897743
430795494798993	430795520258523	430795494901597
430795530956024	430795544914305	430795531278472
430795531295086	430795553132481	430795531380399
430795572993993	430795586004773	430795573304930
430795573273159	430795594221232	430795573363941
430795613690503	430795627087742	430795613989774
430795613923003	430795635304148	430795613995034
430795643917534	430795659954044	430795644230555
430795675182899	430795692820762	430795675485868
430795675459097	430795701037429	430795675554409
430795707455034	430795725687169	430795707746753
430795708712378	430795733903471	430795709003211
430795739343940	430795750336128	430795739619305
430795770610347	430795783197065	430795770920711
430795770894149	430795791412117	430795770993524
430795800905086	430795816063419	430795801208680
430795831924461	430795848925763	430795832215711
430795832241284	430795857141804	430795832356024
430795862781024	430795873572742	430795863078159
430795894839930	430795906439513	430795895137690
430795895073524	430795914655033	430795895147430
430795925763784	430795939303680	430795926147847
430795955728680	430795972167898	430795956050867
430795956195659	430795980384565	430795956287899
430795972735711	430795988600919	430795973315242
430796007661753	430796021469096	430796007986649
430796007913836	430796029686700	430796007999305
430796024635815	430796037903055	430796025006597
430796041344722	430796054337169	430796041719409
430796058031649	430796070771128	430796058409930
430796074660867	430796087203992	430796075035086
430796091308159	430796103637481	430796091688055
430796108064461	430796120072013	430796108391753
430796124663159	430796136506961	430796125028524
430796141352847	430796152941856	430796141730711
430796157938836	430796169376440	430796158317534
430796174623159	430796185811179	430796174991024
430796191325867	430796202245346	430796191689774
430796208044461	430796218681752	430796208383055
430796224640034	430796235119148	430796225006961
430796241338472	430796251554878	430796241694930
430796257978211	430796276205919	430796258374930
430796274635399	430796292642169	430796275002690
430796291339149	430796309078367	430796291729096
430796308026909	430796325514200	430796308396336
430796324616492	430796341949564	430796324970242
430796341308680	430796358387481	430796341707274
430796357987274	430796374825138	430796358368940
430796374669878	430796391260294	430796375041805
430796391376649	430796407694825	430796391710399
430796408038159	430796424128576	430796408391284
430796424611024	430796440565346	430796424981024
430796441272586	430796457002481	430796441651961
430796457996805	430796473439304	430796458356336
430796474668523	430796489874044	430796475030867
430796491323836	430796506306335	430796491715086
430796508095034	430796522740919	430796508411440
430796524645711	430796539175294	430796525004461
430796541406492	430796555608992	430796541770242
430796558051648	430796572043159	430796558420867
430796574733211	430796588477168	430796575108471
430796591395034	430796604913679	430796591771805
430796608156336	430796621346544	430796608498523
430796624671805	430796637781179	430796625026805
430796641388992	430796654218679	430796641754148
430796658057898	430796670653315	430796658426648
430796674727846	430796687087429	430796675084617
430796691374930	430796703520346	430796691765086
430796708128523	430796719952898	430796708492586
430796724667221	430796736385554	430796725043836
430796741391648	430796752816179	430796741762898
430796758063471	430796769248888	430796758433471
430796774735711	430796785680086	430796775104409
430796791360398	430796802111961	430796791721909
430796808132378	430796818543679	430796808421336
430796824714305	430796843187898	430796825107430
430796841390659	430796859621387	430796841763680
430796858071648	430796876053679	430796858433628
430796874709721	430796892486440	430796875079461
430796891375242	430796908919409	430796891760242
430796908064252	430796925350189	430796908395242
430796924710086	430796941783314	430796925081336
430796941356336	430796958217950	430796941718680
430796958006180	430796974653679	430796958372117
430796974584461	430796991091023	430796974959565
430796991379461	430797007527689	430796991752430
430797008167742	430797023962325	430797008505034
430797024697273	430797040395867	430797025066492
430797041319148	430797056829617	430797041675815
430797057986023	430797073265398	430797058348680
430797074653367	430797089701648	430797075009930
430797091351336	430797106138419	430797091725971
430797108157586	430797122575450	430797108509565
430797124637065	430797139011543	430797124998471
430797141367065	430797155446022	430797141657586
430797157978315	430797171882168	430797158340659
430797174750398	430797188317585	430797175048523
430797191406440	430797204754669	430797191740711
430797208105659	430797221187168	430797208413054
430797242105815	430797254053262	430797242389617
430797243724617	430797262269929	430797243983211
430797260939617	430797278703262	430797261217534
430797278222898	430797295136856	430797278546127
430797294237898	430797311570762	430797294514096
430797310713836	430797328005137	430797310988159

POLL t=57.9 tick=1672
8333333
430806991832113	430807008319612	430806992063363
430806994891488	430807016537373	430806995199926
430807011600394	430807024754092	430807012047999
430807028284926	430807041189873	430807028644144
430807044933207	430807057625914	430807045295551
430807061606644	430807074064040	430807062003519
430807078244144	430807106940707	430807090286019
430807108454457	430807123379092	430807108810186
430807111557217	430807131598206	430807111873624
430807128280863	430807139818154	430807128677842
430807144954301	430807156254196	430807145335863
430807161602738	430807172689405	430807162010238
430807178243936	430807189125811	430807178612113
430807194920707	430807213780862	430807202669874
430807224393207	430807238440446	430807224673519
430807228319926	430807246660394	430807228600863
430807244960551	430807263098258	430807245327530
430807261583467	430807279538258	430807261959769
430807278217426	430807295976279	430807278591957
430807294925186	430807312412269	430807295319769
430807311640186	430807337074196	430807320419561
430807342418676	430807353514248	430807342715238
430807345164613	430807361735185	430807345457530
430807361612374	430807378175394	430807362005238
430807378265707	430807394615446	430807378634092
430807394957686	430807411058571	430807395322113
430807411607269	430807427500498	430807411973051
430807428253676	430807452161540	430807437686332
430807457758363	430807468604092	430807458057217
430807461588623	430807476826644	430807461978051
430807478304769	430807493269040	430807478690811
430807494944873	430807509710290	430807495319405
430807511610186	430807526148259	430807511999926
430807528305707	430807542586019	430807528674769
430807544963051	430807567244873	430807553888832
430807574742738	430807591904560	430807575026905
430807578239613	430807600123050	430807578458988
430807594914769	430807608342164	430807595323623
430807611613675	430807624780133	430807611978675
430807628265707	430807641218571	430807628642686
430807644985238	430807657658519	430807645340967
430807661632582	430807690542060	430807672965967
430807692392113	430807706982268	430807692583675
430807694908519	430807715202581	430807695213623
430807711620082	430807723422320	430807712068467
430807728314613	430807739862685	430807728677894
430807744975342	430807756303154	430807745332738
430807761626175	430807772740914	430807762025394
430807778269300	430807789179247	430807778500394
430807794961644	430807805619456	430807795282425
430807826647738	430807838494717	430807826965498
430807828361800	430807846712685	430807828697530
430807844917738	430807863150133	430807845314248
430807861605238	430807879590081	430807861969457
430807878285186	430807896030915	430807878506123
430807894935863	430807912472217	430807895304925
430807911599092	430807928914664	430807916216488
430807941064300	430807953571957	430807941365707
430807944941800	430807961791591	430807945226905
430807961630394	430807978232790	430807962045550
430807978243936	430807994674300	430807978471800
430807994985707	430808011113050	430807995471800
430808011655030	430808027551539	430808012068519
430808028342061	430808052210811	430808037679248
430808058098467	430808068648414	430808058337738
430808061647061	430808076867268	430808061866957
430808078273207	430808093308258	430808078672373
430808094937582	430808109748518	430808095307738
430808111650238	430808126188154	430808112072686
430808128303363	430808142629560	430808128687113
430808144935811	430808167289196	430808155189404
430808174764613	430808191944769	430808175076592
430808178321436	430808200163101	430808178589300
430808194921800	430808208381852	430808195318363
430808211587217	430808224819769	430808211969769
430808228217842	430808241257216	430808228583311
430808244889457	430808257695342	430808245272217
430808261662894	430808282348935	430808264929561
430808292104769	430808307005289	430808292368206
430808294894092	430808315222685	430808295218831
430808311543675	430808323440289	430808311945863
430808328293779	430808339876904	430808328670967
430808344946488	430808356315446	430808345312894
430808361622425	430808372753883	430808362006436
430808378332113	430808397411383	430808381482894
430808408077217	430808422068726	430808408410550
430808411630498	430808430288206	430808411928206
430808428302581	430808446723518	430808428704456
430808445001644	430808463159665	430808445374769
430808461642425	430808479598570	430808462014925
430808478304248	430808496036487	430808478681592
430808495031331	430808512475706	430808499853675
430808525705706	430808537132008	430808526011488
430808528503363	430808545349873	430808528584300
430808544989925	430808561785811	430808545370863
430808561668206	430808578222321	430808562052998
430808578324248	430808594657737	430808578716488
430808594987581	430808611093726	430808595369092
430808611632738	430808635746331	430808621760238
430808641655186	430808652184300	430808641951331
430808644960394	430808660402841	430808645318988
430808661662061	430808676839872	430808662044248
430808678331800	430808693275966	430808678704769
430808694940706	430808709710706	430808695313675
430808711619144	430808726145498	430808712066019
430808728258154	430808750801227	430808738336331
430808757857217	430808775457268	430808758151435
430808761550863	430808783675237	430808761841956
430808778281435	430808791891696	430808778671019
430808794949613	430808808324091	430808795324300
430808811588623	430808824759664	430808811965185
430808828257425	430808841193310	430808828636748
430808845013050	430808865847425	430808851725550
430808875481019	430808890502737	430808875804769
430808878242738	430808898719560	430808878525238
430808894916123	430808906938102	430808895311488
430808911562842	430808923374456	430808911951748
430808928236435	430808939812008	430808928623519
430808944910550	430808956248726	430808945282425
430808961636019	430808980901487	430808965553519
430808994015654	430809005552112	430808994311800
430808994921644	430809013769716	430808995267998
430809011620706	430809021986331	430809012016331
430809028289769	430809046637008	430809028692581
430809044961487	430809063069508	430809045345967
430809061632425	430809079505653	430809062015862
430809078317060	430809104159612	430809091567581

POLL t=69.2 tick=1762
8333333
430818366263671	430818381870234	430818366655703
430818382952682	430818398303515	430818383321953
430818399604921	430818422953515	430818408517213
430818435464140	430818447605650	430818435857734
430818435815546	430818455824036	430818435870234
430818452506796	430818464041379	430818452946171
430818469161171	430818480476431	430818469544765
430818485837421	430818496912682	430818486200807
430818502490651	430818521566275	430818509396953
430818539018150	430818554438723	430818539398671
430818539300859	430818562656692	430818539465703
430818555881432	430818570873514	430818556273671
430818572642421	430818587310963	430818573068671
430818589311900	430818603747942	430818589702109
430818605981015	430818636619869	430818619563619
430818622627369	430818644836900	430818623041484
430818661555859	430818677707941	430818662013046
430818661808203	430818685926327	430818662039140
430818678480234	430818694144139	430818678750859
430818695103671	430818710578098	430818695479400
430818711782213	430818727012473	430818712159140
430818728575182	430818743446796	430818729466796
430818764416015	430818776310285	430818764860025
430818764562265	430818784527473	430818764868046
430818781242994	430818792745234	430818781626015
430818798001015	430818809180129	430818798430963
430818814651432	430818825614452	430818815032057
430818831311640	430818858487056	430818846115494
430818847970859	430818866704973	430818848322994
430818884800077	430818899576639	430818885225234
430818885102734	430818907792681	430818885230963
430818901691588	430818916008567	430818902137057
430818918443775	430818932439504	430818918893515
430818935097421	430818948869452	430818935468202
430818951764452	430818973517629	430818962517734
430818996587577	430819014594920	430818996902421
430818996719765	430819022811171	430818996906900
430819013412057	430819031027161	430819013810390
430819030168202	430819047459712	430819030603932
430819046815077	430819063892212	430819047180494
430819063475390	430819088541692	430819074478359
430819100470390	430819113191119	430819100919244
430819101028827	430819121408983	430819101175963
430819117582577	430819129626222	430819118064452
430819134222682	430819146059348	430819134568202
430819150846432	430819162493566	430819151226640
430819167547577	430819187143358	430819173288046
430819203898359	430819220005598	430819204278984
430819204076119	430819228221639	430819204290963
430819220843202	430819236438097	430819221226431
430819237481900	430819252869504	430819237897890
430819254124609	430819269302942	430819254492213
430819270790234	430819293949972	430819282964765
430819287450494	430819302165806	430819287906640
430819327926796	430819343240233	430819328345494
430819328456484	430819351454764	430819328666484
430819346344348	430819359669139	430819346693046
430819362786119	430819376100025	430819363232109
430819379385234	430819392531015	430819379766588
430819396101952	430819408962368	430819396288202
430819431710702	430819450038723	430819432346640
430819432103671	430819458254087	430819432353463
430819448614869	430819466469243	430819449062733
430819465282265	430819482901900	430819465740077
430819482009869	430819499333670	430819482417733
430819498668827	430819523978618	430819510615546
430819535267994	430819548621014	430819535704296
430819535504556	430819556835233	430819535709140
430819552239452	430819565051951	430819552698515
430819569077994	430819581483774	430819569475702
430819585569765	430819597915754	430819585934556
430819602203046	430819630777837	430819616150858
430819618870025	430819638993983	430819619227108
430819658906431	430819671856847	430819659422525
430819659292213	430819680074035	430819659430963
430819675907265	430819688291743	430819676307369
430819692713931	430819704723827	430819693131015
430819709273827	430819721159295	430819709630650
430819725949608	430819745812837	430819730177733
430819763600546	430819778681171	430819763950025
430819763825702	430819786897629	430819763961900
430819780535546	430819795114451	430819780921015
430819797246744	430819811548827	430819797643827
430819813934452	430819827982108	430819814314140
430819830591431	430819844415128	430819830973515
430819847258462	430819869064556	430819853660390
430819880653723	430819893712941	430819881082369
430819880807942	430819901928930	430819881111640
430819897618046	430819910144764	430819897995858
430819914271640	430819926574712	430819914652421
430819930915077	430819943004816	430819931295962
430819947677212	430819967653202	430819950483827
430819981387890	430819992296691	430819981990025
430819981851483	430820000512316	430819982056327
430819998450494	430820016941639	430819998859765
430820015090025	430820033370233	430820015555858
430820031754400	430820049800024	430820032177577
430820048422421	430820074445441	430820059098046
430820085910858	430820099093045	430820086276639
430820086128775	430820107310441	430820086289139
430820102841952	430820115527316	430820103233775
430820119557733	430820131959087	430820119949452
430820136291014	430820148390128	430820136634296
430820153014921	430820173037368	430820158410858
430820187286014	430820197687836	430820187659400
430820187457837	430820205905389	430820187690494
430820204204296	430820222338305	430820204630233
430820220866900	430820238769035	430820221258671
430820237538046	430820255201118	430820237928150
430820254160389	430820279853983	430820262923827
430820292396014	430820304503098	430820292778202
430820292562056	430820312719347	430820292795858
430820309225077	430820320934972	430820309601900
430820325923358	430820337367212	430820326365650
430820342645650	430820353798774	430820343036275
430820359297577	430820386665076	430820375743202
430820375955233	430820394880129	430820376162837
430820412768046	430820427739191	430820413205806
430820413070546	430820435954451	430820413216327
430820429659921	430820444170545	430820430105962
430820446303514	430820460602681	430820446709400
430820463015233	430820477033045	430820463434296
430820479697994	430820501678774	430820488671952
430820516600389	430820534544972	430820517000650
430820516942368	430820542761222	430820517112577
430820533557108	430820550977264	430820533958306
430820550289087	430820567407837	430820550687264

POLL t=80.8 tick=1900
8333333
430830100328354	430830124413771	430830100512261
430830116959552	430830132629761	430830117347261
430830133652417	430830149063198	430830134041323
430830150332365	430830165497261	430830150713198
430830167009917	430830190148510	430830178269917
430830202595802	430830214801895	430830203118198
430830202908979	430830223018198	430830203126896
430830219490386	430830231234343	430830219902365
430830236217729	430830247669917	430830236639761
430830252886427	430830264106427	430830253246323
430830269576167	430830296984396	430830282678667
430830286210229	430830305203094	430830286599604
430830325466011	430830338073406	430830325959240
430830325734292	430830346291062	430830325965490
430830342408771	430830354509448	430830342843198
430830359028615	430830370945541	430830359517886
430830375731323	430830387382052	430830376108615
430830392403354	430830420254343	430830403189761
430830429378354	430830444905386	430830429792573
430830429676636	430830453122885	430830429866427
430830446209083	430830461339083	430830446632729
430830462951167	430830477772208	430830463325958
430830479611479	430830494204344	430830479979136
430830496269761	430830518857989	430830508177990
430830513036896	430830527075697	430830513541115
430830555233042	430830568162937	430830555805385
430830555603771	430830576381426	430830555814604
430830572187104	430830584599916	430830572625646
430830588792052	430830601034447	430830589248042
430830605498771	430830617467468	430830605903771
430830622210385	430830650336062	430830633335229
430830659860802	430830674989969	430830660256948
430830660107729	430830683209552	430830660261271
430830676702573	430830691428198	430830677096635
430830693441323	430830707864083	430830693826583
430830710119604	430830724301010	430830710489708
430830726761010	430830748957989	430830732900958
430830763368823	430830781834864	430830763795958
430830763566167	430830790055177	430830763803667
430830780260698	430830798274968	430830780655385
430830796951792	430830814712364	430830797334604
430830813580385	430830831149812	430830813962677
430830830281948	430830855806896	430830840015021
430830866367104	430830880465801	430830866932104
430830866720542	430830888685646	430830866943823
430830883268615	430830896906947	430830883736635
430830899962990	430830913346478	430830900340646
430830916677990	430830929782989	430830917039708
430830933328510	430830954440281	430830937941792
430830969612521	430830987315697	430830970007573
430830969930385	430830995534135	430830970104396
430830986476010	430831003752573	430830986875021
430831003106323	430831020191478	430831003549135
430831019839604	430831036627000	430831020315854
430831036488198	430831061281270	430831047754917
430831072327208	430831085937520	430831072697885
430831072491010	430831094157469	430831072701635
430831089178614	430831102376270	430831089590802
430831105913771	430831118814708	430831106278354
430831122572260	430831135255437	430831122928667
430831139261635	430831159913770	430831144315073
430831174727417	430831192786635	430831175168354
430831174929396	430831201004812	430831175174292
430831191576896	430831209222988	430831191989135
430831208321323	430831225661270	430831208781791
430831224972104	430831242100749	430831225350229
430831241676896	430831266756374	430831250090646
430831275421166	430831291411530	430831275752416
430831275633198	430831299629395	430831275752989
430831292359760	430831307847312	430831292895177
430831309077573	430831324283041	430831309428823
430831325705646	430831340717728	430831326080958
430831342424760	430831365373250	430831349469448
430831377941635	430831390024186	430831378237521
430831378131323	430831398241374	430831378252416
430831394882989	430831406457624	430831395316427
430831411548302	430831422891791	430831411919552
430831428311479	430831439326166	430831428670958
430831444912573	430831463978666	430831449997208
430831479792104	430831496852989	430831480412885
430831479982364	430831505071010	430831480439604
430831496679864	430831513289187	430831497503666
430831513368927	430831529726479	430831513755021
430831530059291	430831546163458	430831530441479
430831546740541	430831579039239	430831560933041
430831580441271	430831595477259	430831580871166
430831580597573	430831603695698	430831580884291
430831597318510	430831611914396	430831597706479
430831614014916	430831628348197	430831614406791
430831630720646	430831644782624	430831631087416
430831647399760	430831661216479	430831647766427
430831664150020	430831685870384	430831671805698
430831698506948	430831710524864	430831698862885
430831698743510	430831718744239	430831698884760
430831715482520	430831726963823	430831715935854
430831732229135	430831743401061	430831732613041
430831748795698	430831759835384	430831749171166
430831765472989	430831784487052	430831772519760
430831798536166	430831809139812	430831798881010
430831798867573	430831817357259	430831799043823
430831815536635	430831833792156	430831815933823
430831832196270	430831850226479	430831832568823
430831848810385	430831866661166	430831849190385
430831865565697	430831883095957	430831868846947
430831901095854	430831915966217	430831901549708
430831901563510	430831924185280	430831901781166
430831918057260	430831932403041	430831918480229
430831934988145	430831948838301	430831935376114
430831951439916	430831965273978	430831951802208
430831968020072	430831998147728	430831981604760
430831984697729	430832006367572	430831985036010
430832023640177	430832039243197	430832024063510
430832023798041	430832047460749	430832024070854
430832040491739	430832055678822	430832040987260
430832057154291	430832072115540	430832057606322
430832073871114	430832088551843	430832074243354
430832090533510	430832113203926	430832097661791
430832125626739	430832137857155	430832125983041
430832125779760	430832146075176	430832126002885
430832142453927	430832154292988	430832142844604
430832159209552	430832170727520	430832159633041
430832175867260	430832187158718	430832176238510
430832192475385	430832211807572	430832200946322
430832228757364	430832244674447	430832229196583
430832229191322	430832252891322	430832229384708
430832245767677	430832261109030	430832246266791
430832262441010	430832277544655	430832262801791

POLL t=92.5 tick=1991
8333333
430841638672100	430841653559287	430841639114131
430841655359704	430841669993767	430841655743663
430841672051006	430841694643454	430841682431006
430841708686631	430841719291214	430841709099600
430841709056423	430841727507516	430841709224444
430841725650173	430841743940381	430841726058975
430841742315069	430841760372932	430841742695381
430841758991267	430841776806370	430841759415173
430841775731006	430841793238506	430841781912829
430841811691162	430841826104235	430841812000069
430841811838298	430841834320068	430841812039756
430841828509756	430841842537204	430841828902569
430841845183819	430841858971057	430841845581735
430841861917204	430841875407151	430841862294548
430841878558506	430841908278454	430841893472360
430841895241319	430841916495225	430841895683454
430841942759964	430841957582776	430841943070850
430841943054183	430841965799703	430841943184235
430841959726631	430841974017568	430841960138194
430841976461787	430841990453037	430841976928350
430841993091735	430842006889339	430841993469444
430842009837412	430842031542725	430842017886631
430842026440954	430842039761891	430842027000381
430842063878037	430842080856735	430842064329235
430842064315798	430842089075485	430842064597048
430842082347881	430842097292933	430842082731423
430842098689339	430842113726214	430842099161006
430842115449756	430842130158557	430842115826162
430842132075381	430842154806943	430842143105485
430842166652569	430842179457308	430842167002725
430842166876891	430842187674704	430842167008194
430842183535694	430842195892776	430842183974444
430842200293194	430842212326370	430842200730173
430842216940694	430842228757881	430842217314548
430842233627881	430842261618505	430842244902256
430842270525746	430842286263974	430842270926631
430842270904496	430842294478089	430842271109600
430842287590381	430842302693297	430842288012829
430842304302725	430842319123401	430842304729131
430842320970850	430842335553870	430842321338350
430842337635381	430842360204182	430842345421579
430842373232100	430842384852047	430842373588975
430842373459548	430842393068089	430842373648350
430842390055068	430842401283870	430842390467829
430842407018714	430842417715588	430842407446787
430842423494860	430842434146734	430842423927568
430842440168766	430842467010693	430842454278923
430842456799079	430842475226631	430842457122048
430842492788454	430842508088766	430842493261266
430842493100068	430842516302620	430842493296631
430842509747516	430842524518661	430842510210954
430842526360537	430842540950641	430842526836266
430842543087360	430842557381058	430842543537412
430842559821006	430842590242776	430842573579443
430842576448298	430842598458662	430842576757256
430842630923610	430842647754859	430842631603037
430842631272100	430842655972984	430842631610173
430842647909600	430842664190225	430842648331475
430842664523975	430842680620693	430842664948037
430842681234912	430842697053089	430842681608141
430842697908610	430842721701006	430842703501110
430842732896318	430842746351214	430842733425068
430842733057725	430842754568037	430842733429391
430842749705068	430842762784859	430842750100641
430842766390850	430842779216839	430842766839131
430842783103141	430842795648922	430842783526787
430842799754443	430842828515484	430842815207829
430842816460016	430842836730432	430842816825381
430842851274079	430842861375120	430842851664443
430842851480797	430842869591110	430842851674131
430842868124131	430842886023401	430842868568037
430842884857881	430842902458558	430842885274079
430842901501943	430842918893765	430842901879860
430842918216631	430842943543193	430842929257412
430842954772412	430842968196006	430842955255068
430842955224287	430842976414130	430842955408506
430842971751318	430842984631266	430842972111579
430842988445537	430843001066631	430842988860016
430843005108141	430843017501057	430843005469547
430843021748349	430843050369026	430843033314912
430843058279860	430843075022984	430843058755224
430843058800016	430843083241006	430843058948193
430843075371162	430843091458557	430843075604287
430843092097985	430843107893245	430843092494287
430843108708037	430843124328193	430843109082881
430843125397256	430843148982620	430843134949131
430843160133818	430843173638401	430843160487829
430843160522724	430843181856942	430843160722412
430843177099391	430843190074807	430843177521162
430843193801006	430843206510328	430843194215016
430843210476162	430843222943662	430843210832881
430843227107568	430843255811266	430843239317985
430843262394756	430843280463974	430843262746735
430843262671943	430843288680953	430843262760537
430843279335849	430843296899494	430843279760329
430843296141474	430843313336786	430843296535693
430843312686787	430843329772828	430843313063662
430843329351787	430843346207671	430843329717516
430843346059547	430843362645328	430843352599912
430843376207099	430843387303245	430843376502099
430843379373922	430843395521318	430843380494287
430843396099391	430843411958036	430843396483766
430843412685537	430843428396630	430843413049287
430843429322516	430843453050380	430843442894287
430843464158922	430843477706421	430843464702828
430843464547828	430843485925432	430843464710849
430843481141422	430843494144911	430843481564131
430843497805953	430843510584338	430843498242047
430843514541735	430843527024807	430843515036318
430843531163453	430843559905901	430843548460068
430843547851162	430843568126370	430843548562881
430843584229287	430843601008714	430843584587881
430843584610381	430843609228401	430843585024964
430843601215224	430843617449391	430843602035381
430843617848662	430843633891787	430843618273193
430843634535797	430843650333141	430843634910224
430843651204391	430843674993557	430843663423193
430843667919599	430843683214494	430843668422568
430843707383193	430843724310588	430843707876005
430843707768766	430843732529182	430843707876630
430843724272099	430843740749703	430843724720172
430843741187255	430843757189755	430843741588974
430843757721630	430843773628192	430843758084130
430843774353505	430843798284599	430843783197412
430843809417255	430843822943662	430843809830224
430843809785849	430843831162619	430843810029755
430843826343297	9223372036854775807	430843826744599

POLL t=104.0 tick=2084
8333333
430853169158346	430853182490324	430853169585325
430853185905221	430853198923136	430853186333189
430853202559700	430853215353606	430853202949752
430853219237044	430853240003554	430853222870481
430853254894127	430853272870533	430853255218189
430853255063294	430853281088189	430853255225950
430853271737200	430853289305428	430853272128502
430853288458658	430853305736678	430853292546939
430853305125012	430853322167408	430853305492252
430853321801939	430853338600533	430853327185637
430853357552877	430853371465793	430853357982356
430853357855950	430853379682980	430853358013502
430853374406627	430853387901418	430853374847096
430853391026418	430853412552147	430853398228137
430853407776314	430853420767929	430853408156939
430853424443033	430853445418970	430853428888918
430853460653502	430853478286366	430853461121575
430853460896783	430853486504334	430853461127512
430853477608346	430853494720637	430853478088293
430853494278345	430853511153813	430853496620689
430853510931575	430853527587095	430853511337408
430853527629543	430853544020011	430853527797877
430853573456470	430853585097564	430853573811158
430853573660064	430853593312564	430853573815533
430853590381731	430853601527980	430853590804231
430853606988658	430853626172668	430853608257252
430853623710220	430853634389959	430853624085845
430853640373658	430853659041053	430853642498189
430853677504856	430853691909647	430853678024595
430853677785220	430853700127772	430853678033450
430853694394387	430853708344908	430853694844908
430853711138814	430853724779647	430853711616627
430853727775377	430853741213553	430853728156470
430853763657564	430853782292199	430853764036627
430853764113033	430853790507720	430853764079231
430853780506939	430853798723970	430853780962668
430853797194439	430853815156262	430853799569856
430853813850012	430853831585845	430853814237564
430853830580793	430853848015325	430853831820481
430853867496783	430853880883240	430853868062564
430853867907408	430853889101782	430853868126314
430853884677668	430853897321106	430853885060220
430853901167043	430853913759179	430853902487200
430853917796470	430853930195220	430853918179283
430853934499752	430853946629386	430853934858189
430853975232824	430853987720584	430853975759439
430853975646002	430853995939386	430853975769752
430853992130064	430854004157199	430853992580481
430854008834387	430854020592043	430854009318345
430854025509231	430854037027772	430854025878658
430854042182981	430854053464907	430854042538033
430854079710481	430854094552616	430854080153137
430854080026783	430854102771365	430854080159595
430854096598502	430854110990897	430854097057095
430854113270689	430854127430011	430854113710533
430854129987877	430854143868553	430854130373189
430854146668293	430854168517668	430854157523814
430854182217720	430854193165844	430854182661783
430854182467356	430854201382303	430854182668501
430854199186158	430854217817303	430854199626574
430854215784126	430854226034126	430854216194751
430854232489439	430854242467928	430854232884439
430854249189126	430854275335480	430854258274126
430854285748293	430854299986835	430854286211001
430854285923814	430854308202771	430854286218658
430854302582408	430854316418449	430854302983606
430854319533033	430854332850376	430854319902095
430854336063658	430854349284543	430854336379283
430854352656001	430854382151939	430854366499439
430854369337564	430854390369751	430854369754699
430854407844387	430854423239230	430854408286314
430854408249908	430854431455689	430854408400949
430854425003866	430854439671678	430854425377981
430854441486262	430854456104803	430854441847408
430854458162668	430854472538240	430854458540637
430854474835481	430854488971887	430854476402564
430854510690168	430854521838136	430854511124856
430854511229283	430854530053865	430854511412668
430854527740220	430854546490271	430854528182095
430854544390012	430854562928970	430854544776626
430854561017408	430854579364334	430854561401262
430854577804439	430854595800012	430854583141470
430854611892355	430854628668709	430854612235324
430854612377824	430854636887563	430854612498658
430854629021626	430854645104802	430854629237199
430854645800845	430854661539230	430854645884595
430854662417720	430854677971521	430854662797043
430854694046001	430854710832980	430854694359908
430854695752720	430854719049073	430854696099126
430854712373033	430854727265324	430854712773605
430854729257668	430854743696574	430854729852720
430854745806001	430854760128501	430854746182980
430854762437824	430854776561521	430854763194751
430854800838918	430854817645115	430854801197407
430854801307720	430854825862355	430854801484751
430854818097876	430854834080948	430854818685064
430854834523657	430854850515792	430854835024543
430854851223032	430854866950064	430854851605012
430854867943345	430854891602250	430854873851001
430854897678293	430854908036522	430854898018032
430854901162043	430854916253241	430854901591574
430854917873032	430854932686625	430854918240637
430854934521470	430854949116522	430854934889595
430854951206314	430854973764282	430854963719699
430854983808918	430854998415532	430854984199751
430854984516314	430855006632095	430854984962668
430855001196626	430855014848500	430855001605845
430855017858657	430855031283084	430855018283032
430855034541314	430855064147511	430855050733605
430855051231001	430855072363189	430855051369543
430855087197720	430855105231157	430855087724074
430855087714595	430855113448553	430855087894387
430855105583137	430855121665688	430855105813189
430855122009126	430855138099751	430855122454907
430855138657564	430855154534595	430855139013189
430855155272980	430855179185324	430855168525376
430855172052043	430855187402251	430855172413762
430855209185480	430855220273084	430855209590064
430855209771105	430855228490584	430855209919699
430855226119751	430855236708501	430855226569074
430855242780376	430855253140115	430855243217720
430855259461939	430855269571157	430855259855376
430855276247668	430855294217407	430855282539595
430855310540793	430855327081157	430855310941626
430855310849230	430855335296782	430855310947407
430855327515376	430855343512667	430855327746782
430855344253189	430855359944021	430855344657407

POLL t=115.9 tick=2225
8333333
430865107034226	430865122153809	430865107420008
430865123460216	430865138590372	430865123826726
430865140135008	430865155025997	430865140504435
430865156788810	430865171459956	430865159553914
430865193675060	430865204328497	430865194167039
430865193958914	430865212544799	430865194176154
430865210545216	430865228980684	430865210954591
430865227482039	430865245417976	430865227875945
430865243959904	430865261855684	430865244345841
430865260586779	430865278292872	430865268630060
430865294850216	430865311166569	430865295335789
430865295073185	430865319385841	430865295339747
430865311765476	430865327603653	430865312275008
430865328442403	430865344039486	430865328786153
430865345091622	430865360472403	430865345452560
430865361750685	430865376907455	430865364377664
430865397217820	430865409776257	430865397531466
430865397363133	430865417993809	430865397545841
430865414044591	430865426211153	430865414454591
430865430795216	430865442649434	430865431208653
430865447446414	430865459088496	430865447805945
430865464125633	430865483745371	430865468947820
430865500837091	430865516614434	430865501221935
430865500998758	430865524830788	430865501269278
430865517768028	430865533045892	430865518183758
430865534605268	430865549477663	430865534993601
430865551081778	430865565909122	430865551471778
430865567702976	430865590560059	430865581102716
430865584428966	430865598778340	430865584936101
430865621425997	430865639865216	430865622187195
430865621694695	430865648082455	430865622224591
430865638365997	430865656299278	430865638811622
430865654968445	430865672733705	430865655361778
430865671702872	430865689168913	430865672076935
430865688368028	430865713817768	430865700192403
430865705157872	430865722034330	430865705487872
430865743450164	430865754897923	430865743998601
430865743732872	430865763114642	430865744065685
430865760296622	430865771331934	430865760743601
430865776971153	430865787766414	430865777412195
430865793699070	430865804200632	430865794187351
430865810334903	430865837064486	430865821729851
430865846831153	430865861713913	430865847194278
430865846982039	430865869930216	430865847198289
430865863720685	430865878146986	430865864128653
430865880377560	430865894582976	430865880743497
430865897041935	430865911015997	430865897423185
430865913681153	430865935669747	430865920615372
430865944996726	430865960319746	430865945305684
430865946999591	430865968537715	430865947357976
430865963660528	430865976755059	430865964037820
430865980389695	430865993193497	430865980787091
430865997046101	430866026064851	430866008540684
430866034744591	430866050718444	430866035302403
430866035083341	430866058935944	430866035324903
430866051711778	430866067154851	430866052208289
430866068379695	430866083593340	430866068752716
430866084973132	430866100030892	430866085418184
430866101732195	430866116467038	430866102266570
430866118359903	430866141117559	430866130302872
430866153113966	430866165765893	430866153670684
430866153512716	430866173981153	430866153696309
430866170351153	430866182198184	430866170737976
430866186776153	430866198632038	430866187141570
430866203420059	430866215064225	430866203790684
430866220128028	430866247928809	430866234301309
430866236768653	430866256145840	430866237124695
430866275810164	430866289011153	430866276122403
430866275957403	430866297227768	430866276128341
430866292651153	430866305444747	430866293080164
430866309332403	430866321875840	430866309699539
430866326001414	430866338305944	430866326374070
430866342717247	430866354739382	430866343032872
430866376328288	430866387598809	430866376661466
430866376675528	430866395814069	430866376785945
430866393237559	430866404027454	430866393629538
430866410000216	430866420454902	430866410352247
430866426652872	430866445095111	430866427024122
430866443348809	430866461524278	430866447647663
430866478596778	430866494380216	430866478968757
430866478827663	430866502597090	430866478973809
430866495656101	430866510814538	430866496042663
430866512268341	430866527248027	430866512648288
430866528910841	430866543680788	430866529278913
430866545686466	430866568330475	430866554301934
430866578654122	430866592978236	430866578978497
430866578973132	430866601195007	430866579109747
430866595613288	430866609410840	430866596022872
430866612321257	430866625842298	430866612674278
430866628991934	430866642273340	430866629353028
430866645722090	430866666922090	430866650093965
430866678439226	430866691568392	430866678754434
430866678898132	430866699784277	430866678998913
430866695667715	430866707999226	430866696081882
430866712362247	430866724430788	430866712743653
430866729045163	430866740862246	430866729417559
430866745698965	430866765508965	430866748678497
430866781174434	430866798376205	430866781513965
430866781333288	430866806591777	430866781517559
430866798122872	430866814806257	430866798640059
430866814788809	430866831235528	430866815169851
430866831444538	430866847665631	430866831813340
430866848384017	430866872313913	430866854536778
430866883951101	430866896963340	430866884425215
430866884452195	430866905178028	430866884583028
430866900962715	430866913393548	430866901376153
430866917635997	430866929827246	430866918008653
430866934297195	430866946259642	430866934665476
430866950984122	430866970907663	430866956272715
430866987159903	430867003769955	430866987598965
430866987824903	430867011985944	430866987964903
430867004237195	430867020201360	430867004498184
430867020785372	430867036633757	430867021159434
430867037479382	430867053066829	430867037853340
430867054214694	430867077715892	430867060920997
430867089943653	430867102363288	430867090327247
430867090174122	430867110579069	430867090346778
430867106968184	430867118794381	430867107377507
430867123635684	430867135227975	430867124036569
430867140212090	430867151663444	430867140581465
430867156856413	430867176315215	430867165850684
430867186998965	430867200964485	430867187306569
430867190161778	430867209178444	430867190466622
430867206827351	430867217392559	430867207208288
430867223590997	430867242036100	430867224132976
430867240185840	430867258468444	430867240560528
430867256919903	430867274898391	430867261106309

POLL t=127.7 tick=2321
8333333
430876935856462	430876953998075	430876936217816
430876936063180	430876962213492	430876936227555
430876952685003	430876970429586	430876953086253
430876969353180	430876986866878	430876969798284
430876986081618	430877003299638	430876986469274
430877002746618	430877027946045	430877010660680
430877038235524	430877052597399	430877038692712
430877038581930	430877060814534	430877038758805
430877055053337	430877069031774	430877055461930
430877071995159	430877085464638	430877072399274
430877088484743	430877101897659	430877088863909
430877105097399	430877126550263	430877114183649
430877140537399	430877151198023	430877140923024
430877140754586	430877159414170	430877140930680
430877157465836	430877175844846	430877157858180
430877174126878	430877192277607	430877174544586
430877190780836	430877208710211	430877191170159
430877207451149	430877233355575	430877215352191
430877244869586	430877258002138	430877245218805
430877245037868	430877266218649	430877245224743
430877261708441	430877274434534	430877262142399
430877278400680	430877290864794	430877278838649
430877295112399	430877307296877	430877295542034
430877311771461	430877331947295	430877321461305
430877347594899	430877364815419	430877347935941
430877347883284	430877373032763	430877348148753
430877364487191	430877381250680	430877365290680
430877381507503	430877397684169	430877381776149
430877397981566	430877414115731	430877398336461
430877414622868	430877430545523	430877419604118
430877450572816	430877463403336	430877450947243
430877450783805	430877471617607	430877451011878
430877467438128	430877479832607	430877467836097
430877484185211	430877496264534	430877484598805
430877500836618	430877512697190	430877501228909
430877517495524	430877537346982	430877526792815
430877553452399	430877570204950	430877554022868
430877553850784	430877578420003	430877554029743
430877570418336	430877586636617	430877570808493
430877587075211	430877603068388	430877587445315
430877603803961	430877619499326	430877604150993
430877620476305	430877635930055	430877622549274
430877655702243	430877668790992	430877656183336
430877655982972	430877677006252	430877656261878
430877672544743	430877685221565	430877672959430
430877689204118	430877701649742	430877689648909
430877705938961	430877718078961	430877706325524
430877722619586	430877742725211	430877731759743
430877758177399	430877775590054	430877758550784
430877758448909	430877783805992	430877758559742
430877775058649	430877792021305	430877775829742
430877791752867	430877808452815	430877792255992
430877808457190	430877824882450	430877808820992
430877825168961	430877849525784	430877834994899
430877870832972	430877882382034	430877871147867
430877871023805	430877890596929	430877871153180
430877887659742	430877898812034	430877888089222
430877904346305	430877915242502	430877904788180
430877921068492	430877931670107	430877921437972
430877937735680	430877964524950	430877947698128
430877974931253	430877989171356	430877975335211
430877975222034	430877997385210	430877975408753
430877991767503	430878005600680	430877992151409
430878008465367	430878022030367	430878008910159
430878025177034	430878038458231	430878025556617
430878041837867	430878063098544	430878051867867
430878078133961	430878095955784	430878078671305
430878078460940	430878104171356	430878078697972
430878095035211	430878112387138	430878095432867
430878111763180	430878128817242	430878112153440
430878128413128	430878153465471	430878141742086
430878145082711	430878161683492	430878145523805
430878183980992	430878194546148	430878184547867
430878184429899	430878202760992	430878184555940
430878201234013	430878219191513	430878201613180
430878217663284	430878235623440	430878218040211
430878234320055	430878260268648	430878246563492
430878270207190	430878284917346	430878270611617
430878270430784	430878293133284	430878270616461
430878287083284	430878301349794	430878287466878
430878303836096	430878317782294	430878304200940
430878320522867	430878350651669	430878332645367
430878358008805	430878375300367	430878358419274
430878358451617	430878383515940	430878358604742
430878375044742	430878391731460	430878375909846
430878391807867	430878408163335	430878392174273
430878408396461	430878424597294	430878408758909
430878425125784	430878441031044	430878428659221
430878461887086	430878473893856	430878462254846
430878462111721	430878482109065	430878462262659
430878478798440	430878490324533	430878479181461
430878495514378	430878506754429	430878495945628
430878512216617	430878523184794	430878512583180
430878528892711	430878547835263	430878531507190
430878566329430	430878580693387	430878566684898
430878566762555	430878588907242	430878566942711
430878583311096	430878597123127	430878583734742
430878600086461	430878613556669	430878600415992
430878616669898	430878646419117	430878630546565
430878633400367	430878654635211	430878633692711
430878672430211	430878687498388	430878672810003
430878672701461	430878695713387	430878672820836
430878689341878	430878703928648	430878689725055
430878706079117	430878720357918	430878706485680
430878722739534	430878745002971	430878734561773
430878739353753	430878753217867	430878739694586
430878774874898	430878786084221	430878775277555
430878775162971	430878794299794	430878775285523
430878791853492	430878802515575	430878792354742
430878808805628	430878827162710	430878809293961
430878825198492	430878835378908	430878825568440
430878841871096	430878860022190	430878843715680
430878879218336	430878892878544	430878879640680
430878879395315	430878901092867	430878879648180
430878896074586	430878909307450	430878896486930
430878912990992	430878925737190	430878913372502
430878929473961	430878942167658	430878929832555
430878946166773	430878975026460	430878956834586
430878984293180	430878999670783	430878984701409
430878984474221	430879007884950	430878984728752
430879001104377	430879016099117	430879001496305
430879017791877	430879032528700	430879018174065
430879034551252	430879048957919	430879034922659
430879051161773	430879073602189	430879058210679
430879088027346	430879098247241	430879088373127
430879088238336	430879106463648	430879088385211
430879104930679	9223372036854775807	430879105335940

