POLL t=10.4 tick=600
8333333
440486096950713	440486108324306	440486097236390
440486113525400	440486124747015	440486113816702
440486130208733	440486141167483	440486130515296
440486146948994	440486157591129	440486147231077
440486163625921	440486174012795	440486163907483
440486180143056	440486198652483	440486180423265
440486196936806	440486215082639	440486197203994
440486213543525	440486231509046	440486213831077
440486230165296	440486247935191	440486230440244
440486246796390	440486264359254	440486247083369
440486263465869	440486280783628	440486263791025
440486280171233	440486297206597	440486280454931
440486296909306	440486313630140	440486297189046
440486313571858	440486330056129	440486313864619
440486330003681	440486346482535	440486330299515
440486347025765	440486362909775	440486347308265
440486363757483	440486379337066	440486364036494
440486380419150	440486395763108	440486380698838
440486396891494	440486412188472	440486397160140
440486413537952	440486428612535	440486413818369
440486430319983	440486445036858	440486430589671
440486446924827	440486461462222	440486447212900
440486463780400	440486477886077	440486464073421
440486480195400	440486494310295	440486480477952
440486497138733	440486510734722	440486497323525
440486513697952	440486527157587	440486513995765
440486530249150	440486543578889	440486530540296
440486546761702	440486560001077	440486547049983
440486563587015	440486576424879	440486563898890
440486580439671	440486592845087	440486580731546
440486596951806	440486609265452	440486597224983
440486613670296	440486625688420	440486613942744
440486630257171	440486642111805	440486630541702
440486647050139	440486658533889	440486647324202
440486663685296	440486674957379	440486663973733
440486680480296	440486691383160	440486680754827
440486696866702	440486707807535	440486697163889
440486713355139	440486724233733	440486713642171
440486730410921	440486740661025	440486730709671
440486747190452	440486765300868	440486747487483
440486763708733	440486781728525	440486763967744
440486780209202	440486798154618	440486780484827
440486796900296	440486814580764	440486797198264
440486813669827	440486831006962	440486813959827
440486830459150	440486847430555	440486830739202
440486846779827	440486863854671	440486847102796
440486863499046	440486880280139	440486863793681
440486880439358	440486896706598	440486880689306
440486897083264	440486913131337	440486897358889
440486913698994	440486929554514	440486913979150
440486930198421	440486945980608	440486930477796
440486946889046	440486962404774	440486947165608
440486963614514	440486978830347	440486963903733
440486980323577	440486995258629	440486980606962
440486996869462	440487011685086	440486997164619
440487013542014	440487028111285	440487013823264
440487030149046	440487044535503	440487030448733
440487046999202	440487060959931	440487047295400
440487063641702	440487077383316	440487063925556
440487080399983	440487093806597	440487080608108
440487096781233	440487110230920	440487097082327
440487113540452	440487126654930	440487113837587
440487130175921	440487143080555	440487130472796
440487147034618	440487159507327	440487147330556
440487163556077	440487175930868	440487163838264
440487180106702	440487192354149	440487180410452
440487196873212	440487208777483	440487197153993
440487213812171	440487225198785	440487214123108
440487230340556	440487241621962	440487230640087
440487246994046	440487258049150	440487247266025
440487263508264	440487274475816	440487263789046
440487280365764	440487290902430	440487280652170
440487297048212	440487307327899	440487297324618
440487313611337	440487331964670	440487313884827
440487330135295	440487348391233	440487330418420
440487346986233	440487364820191	440487347272639
440487363715920	440487381250347	440487363986233
440487380453889	440487397676284	440487380728212
440487396888889	440487414106441	440487397166545
440487413448368	440487430538316	440487413729827
440487430345400	440487446970242	440487430659983
440487447355868	440487463398524	440487447647014
440487463811806	440487479825139	440487464113420
440487480396181	440487496252483	440487480682587
440487497199358	440487512680295	440487497477170
440487513913056	440487529108004	440487514201962
440487530533577	440487545531493	440487530811962
440487547004514	440487561956180	440487547300139
440487563718993	440487578381961	440487564003056
440487580567431	440487594808055	440487580838577
440487597168993	440487611233264	440487597448577
440487613817327	440487627657274	440487614097639
440487630354045	440487644082170	440487630628056
440487647120764	440487660508836	440487647403420
440487663986702	440487676936180	440487664272014
440487680690764	440487693361285	440487680966389
440487697363733	440487709786493	440487697643264
440487713969045	440487726212326	440487714239358
440487730746077	440487742637743	440487731036077
440487747459670	440487759063889	440487747743733
440487764023264	440487775490607	440487764299202
440487780719618	440487791915972	440487780998108
440487797413420	440487808340451	440487797691702
440487814169514	440487824764566	440487814440764
440487831036962	440487841191858	440487831314774
440487847664983	440487865829826	440487847946389
440487864161389	440487882256753	440487864447952
440487880911389	440487898683577	440487881181389
440487897596702	440487915110451	440487897875764
440487914341649	440487931534930	440487914622274
440487931073212	440487947958003	440487931356858
440487947656858	440487964382326	440487947937014
440487964625868	440487980808055	440487964904826
440487981111701	440487997233680	440487981400764
440487998669201	440488013656180	440487998945556
440488014622639	440488030080556	440488014918264
440488031079306	440488046504878	440488031377170
440488047730556	440488062931492	440488048066024
440488064557795	440488079357534	440488064847170
440488081241858	440488095783107	440488081529045
440488097792170	440488112207222	440488098077431
440488114400764	440488128630451	440488114683524
440488130895608	440488145053524	440488131176701
440488147628993	440488161477274	440488147909306
440488164376701	440488177901649	440488164664826
440488180907170	440488194326857	440488181191701
440488197534358	9223372036854775807	440488197832170

POLL t=21.9 tick=1201
8333333
440497531093990	440497541436437	440497531371958
440497547872427	440497566077270	440497548131542
440497566249302	440497582505395	440497566536229
440497582219458	440497598932322	440497582517271
440497598305239	440497615356854	440497598595604
440497615099302	440497631780916	440497615453885
440497632815292	440497648205864	440497633133989
440497647717479	440497664635187	440497648039354
440497664468885	440497681064562	440497664768104
440497681251698	440497697492947	440497681429458
440497698132427	440497713923677	440497698421177
440497714647323	440497730352479	440497714930135
440497731275760	440497746782686	440497731548885
440497748357635	440497763212426	440497748635708
440497764856229	440497779641125	440497765153416
440497781218677	440497796071125	440497781490448
440497798111698	440497812499666	440497798397166
440497814645448	440497828926854	440497814919979
440497831184354	440497845356228	440497831463260
440497847912948	440497861786593	440497848202791
440497864752323	440497878215447	440497865039354
440497881211854	440497894640604	440497881490552
440497897822635	440497911066281	440497898099510
440497914532583	440497927494093	440497914826541
440497931336958	440497943920499	440497931654614
440497947960083	440497960346801	440497948247166
440497964822010	440497976775239	440497965109510
440497981253521	440497993203416	440497981541541
440497997879614	440498009633312	440497998169510
440498014670760	440498026062791	440498014945916
440498031314146	440498042495447	440498031594510
440498048035396	440498058926905	440498048293364
440498064595552	440498075356645	440498064997948
440498081298416	440498100002791	440498081594198
440498099243677	440498116435760	440498099530448
440498115759979	440498132867635	440498116049510
440498132368364	440498149301124	440498132652479
440498149068104	440498165733468	440498149422583
440498166283104	440498182166645	440498166579771
440498181465760	440498198599823	440498181752010
440498198028885	440498215030238	440498198323104
440498214958677	440498231460291	440498215261541
440498231352791	440498247891645	440498231641229
440498247746541	440498264324509	440498248097166
440498264810395	440498280756385	440498265021073
440498281215760	440498297188416	440498281507114
440498297756698	440498313621436	440498298036333
440498314478416	440498330054822	440498314783208
440498331419927	440498346488468	440498331717635
440498347883208	440498362920863	440498348154927
440498364615864	440498379350239	440498364971698
440498381290604	440498395780239	440498381567323
440498398117948	440498412211749	440498398388833
440498414795291	440498428642478	440498415072479
440498431248104	440498445074561	440498431536333
440498447793729	440498461506801	440498448076645
440498464509354	440498477937999	440498464973416
440498481287166	440498494367686	440498481564770
440498497968260	440498510796020	440498498244979
440498514530916	440498527225343	440498514827270
440498531206489	440498543654874	440498531481229
440498547908572	440498560085655	440498548206541
440498564719197	440498576514197	440498565001802
440498581333104	440498592941592	440498581620135
440498597932583	440498609372582	440498598210916
440498614715291	440498625800499	440498615007895
440498631308989	440498642229562	440498631596020
440498648090395	440498658659510	440498648326385
440498664678833	440498675092165	440498664962322
440498681174666	440498699740603	440498681462270
440498698880239	440498716172583	440498699161489
440498715714458	440498732605551	440498715989041
440498732463572	440498749040863	440498732777479
440498749210760	440498765476228	440498749389354
440498764494614	440498781911749	440498764794666
440498781438104	440498798348676	440498781724041
440498797998833	440498814782790	440498798299510
440498814724614	440498831213885	440498815011489
440498831248729	440498847642634	440498831530708
440498848199614	440498864069978	440498848488729
440498864906072	440498880498312	440498865206854
440498881503104	440498896928832	440498881793729
440498898015083	440498913361801	440498898291541
440498914746958	440498929792583	440498915014926
440498931383572	440498946222842	440498931671645
440498948131697	440498962653780	440498948404301
440498964786333	440498979083676	440498965064666
440498981385239	440498995515394	440498981691229
440498997963729	440499011947895	440498998260604
440499014669458	440499028380239	440499014948520
440499031408104	440499044814665	440499031696229
440499048099770	440499061248572	440499048398833
440499064743416	440499077682114	440499065036854
440499081374197	440499094116957	440499081650395
440499097966176	440499110549613	440499098244041
440499114728416	440499126981801	440499115024197
440499131536489	440499143415967	440499131820239
440499148113572	440499159848363	440499148396853
440499164737635	440499176282373	440499165022791
440499181507583	440499192714978	440499181781958
440499197916541	440499209148884	440499198194197
440499214590916	440499225582374	440499214871385
440499231476385	440499242016019	440499231749822
440499247933416	440499258448364	440499248228572
440499264704510	440499274882425	440499264982166
440499281782166	440499299533416	440499282063572
440499299157478	440499315967426	440499299435603
440499315665916	440499332401540	440499315946333
440499331895916	440499348833780	440499332181958
440499348385291	440499365267218	440499348685447
440499365218989	440499381698936	440499365512635
440499380692895	440499398130134	440499380973728
440499397250864	440499414562009	440499397522166
440499413767478	440499430994457	440499414059614
440499430433103	440499447426801	440499430716958
440499447408416	440499463859457	440499447680447
440499464091228	440499480291696	440499464317478
440499480696958	440499496721541	440499480984614
440499497219041	440499513150707	440499497512166
440499514053260	440499529579613	440499514333207
440499530755291	440499546009196	440499531039822
440499547461385	440499562439717	440499547753885
440499563854510	440499578869093	440499564114457
440499580489978	440499595300707	440499580784666
440499597461072	440499611730551	440499597742478
440499614039666	440499628160394	440499614314145
440499630689145	9223372036854775807	440499630976801

POLL t=33.3 tick=1624
8333333
440509186167423	440509199291954	440509186527162
440509202833725	440509215724193	440509203185756
440509219553256	440509232155234	440509219813881
440509236160600	440509248587370	440509236515912
440509252850443	440509281457630	440509264242110
440509277437579	440509289675182	440509277716954
440509286179818	440509297892526	440509286494506
440509302800756	440509314326380	440509303158829
440509319513725	440509330761172	440509319873412
440509336249037	440509347195807	440509336591381
440509352824975	440509371851276	440509362019350
440509376610756	440509388287890	440509376941850
440509386207579	440509404724765	440509386564766
440509402814975	440509421159713	440509403175443
440509419497162	440509437595287	440509419861068
440509436243881	440509454029141	440509436595443
440509452855287	440509470464557	440509458853100
440509476525287	440509486897475	440509476802266
440509486168516	440509503330391	440509486515600
440509502893100	440509519762630	440509503247006
440509519528568	440509536194974	440509519886850
440509536210600	440509552629297	440509536575079
440509552802162	440509577281380	440509563217422
440509576693568	440509593716953	440509576985860
440509586179037	440509601934453	440509586620756
440509602861381	440509618368985	440509603212735
440509619466641	440509634802266	440509619824506
440509636177422	440509651237318	440509636544349
440509652885443	440509675887474	440509662211849
440509676688360	440509692320546	440509676981068
440509686149454	440509700535703	440509686498724
440509702807110	440509716966380	440509703163360
440509719528568	440509733398099	440509719881537
440509736246849	440509749834141	440509736592006
440509752874349	440509774488360	440509760741224
440509776558047	440509790923568	440509776832422
440509786148256	440509799142006	440509786505287
440509802836329	440509815578672	440509803193516
440509819540599	440509832014245	440509819888047
440509836209141	440509848451068	440509836561693
440509852849974	440509873105026	440509861783672
440509876591641	440509889540182	440509876895443
440509886179818	440509897758099	440509886542631
440509902843881	440509914192474	440509903200912
440509919534193	440509930625703	440509919883204
440509936191329	440509947063099	440509936556849
440509952907006	440509979935391	440509965253412
440509977641849	440509988153724	440509977926849
440509986213047	440510004589453	440509986567422
440510002854662	440510021022005	440510003200756
440510019543724	440510037455339	440510019891016
440510036169922	440510053891015	440510036549349
440510052830443	440510070324089	440510053204506
440510069555443	440510086756849	440510069596068
440510093989141	440510111407578	440510094271849
440510103120756	440510119624922	440510103365131
440510119697578	440510136060078	440510120074453
440510136377318	440510152494244	440510136728047
440510153107474	440510168928099	440510153448828
440510169718412	440510185360859	440510170389037
440510194007631	440510210006171	440510194280756
440510203014297	440510218222161	440510203379193
440510219746693	440510234652735	440510220098412
440510236428672	440510251081848	440510236758724
440510253080287	440510267512838	440510253465078
440510269698099	440510283941171	440510270221224
440510293796485	440510308586588	440510294089610
440510303019141	440510316802057	440510303412474
440510319712891	440510333232682	440510320077474
440510336303672	440510349661849	440510336675860
440510353030912	440510366089974	440510353387578
440510369749505	440510382516744	440510369835443
440510394306797	440510407158255	440510394582630
440510403046380	440510415371380	440510403413880
440510419752005	440510431798827	440510420095860
440510436401224	440510448227526	440510436742891
440510453072110	440510464654089	440510453445078
440510469781485	440510481080391	440510470069974
440510493591224	440510505721692	440510493864662
440510503072943	440510513936380	440510503451380
440510519798880	440510530365234	440510520153412
440510536452630	440510546795547	440510536813047
440510553140599	440510571441275	440510553491380
440510569776641	440510587874974	440510575280860
440510594578724	440510612521900	440510594871953
440510603122266	440510620739088	440510603348099
440510619760755	440510637170807	440510620107578
440510636442943	440510653601796	440510636794141
440510653113359	440510670032370	440510653476953
440510669805599	440510686463306	440510670167891
440510686513724	440510702891849	440510691200234
440510710665755	440510727531119	440510710951849
440510719888880	440510735745546	440510720609609
440510736482162	440510752173932	440510736836537
440510753183412	440510768603620	440510753546849
440510769818828	440510785033411	440510770180443
440510786499505	440510809680026	440510799720443
440510810764974	440510826107578	440510811050912
440510819808568	440510834322005	440510820178672
440510836519037	440510850749714	440510836866172
440510853189349	440510867179036	440510853526797
440510869820911	440510883607473	440510870176693
440510886484661	440510900037161	440510886844297
440510903114974	440510924678307	440510913072474
440510926876380	440510941106848	440510927183411
440510936457943	440510949320858	440510936821693
440510953136380	440510965749192	440510953516380
440510969741953	440510982178567	440510970092422
440510986397161	440510998609349	440510986784974
440511003211068	440511031468724	440511019395911
440511019781693	440511039683776	440511019810911
440511044366224	440511056115338	440511044640599
440511053072318	440511064331015	440511053434453
440511069844505	440511080760859	440511070170599
440511086475599	440511097189609	440511086840911
440511103183203	440511130047786	440511117929297
440511119761536	440511138263567	440511120078672
440511145096224	440511162913306	440511145366068
440511153149036	440511171129817	440511153406797
440511169794349	440511187562266	440511170150286
440511186438516	440511203994921	440511186799609
440511203116380	440511220426432	440511203483411
440511219774297	440511236857578	440511222982734
440511243613255	440511261503567	440511243901380
440511253211224	440511269719140	440511253473255
440511269947630	440511286150494	440511270265443
440511286542734	9223372036854775807	440511286904505

POLL t=45.0 tick=1720
8333333
440520737105126	440520749678095	440520737466064
440520753712783	440520766108355	440520754069293
440520770451064	440520782537626	440520770810595
440520787016845	440520798967313	440520788218251
440520810518668	440520823612626	440520810800595
440520820400283	440520831828251	440520820757626
440520837094137	440520848259501	440520837451533
440520853763512	440520864688720	440520854128356
440520870413408	440520881120334	440520870771064
440520887072470	440520905770178	440520887499033
440520903667001	440520922202262	440520909065856
440520927407574	440520938635386	440520927676689
440520937125856	440520955069188	440520937464137
440520953769606	440520971503563	440520954126793
440520970437939	440520987935595	440520970798095
440520986987470	440521004363824	440520987368876
440521003715074	440521029006376	440521016786689
440521028360751	440521045434553	440521028644293
440521037057470	440521053650439	440521038135126
440521053858720	440521070078720	440521054154137
440521070405439	440521086509189	440521070757106
440521087069033	440521102938615	440521087434814
440521103712783	440521119369292	440521104086637
440521120448199	440521135797574	440521125287783
440521144034189	440521160442573	440521144310699
440521153695751	440521168657313	440521154070230
440521170425699	440521185086116	440521170769762
440521187096376	440521201516376	440521187461168
440521203724449	440521217944814	440521204093199
440521220375439	440521250801376	440521234987158
440521237027158	440521259014813	440521237297574
440521261294814	440521275441740	440521261579293
440521270398355	440521283654605	440521270745439
440521287105126	440521300079344	440521287453095
440521303703199	440521316505230	440521304088720
440521320385126	440521332930595	440521320749658
440521337048512	440521357571375	440521340353408
440521361119032	440521373997365	440521361412730
440521370402939	440521382210699	440521370758095
440521387070699	440521398637626	440521387427001
440521403742001	440521415064448	440521404086376
440521420453199	440521431488980	440521420822626
440521437088095	440521464341688	440521449678355
440521462215907	440521472555334	440521462509605
440521470406376	440521480769136	440521470762418
440521487116845	440521505408824	440521487483512
440521503753407	440521521837574	440521504114657
440521520392939	440521538264605	440521520754189
440521537104449	440521554695595	440521537473355
440521553719032	440521571126324	440521557274032
440521577957001	440521595771011	440521578253043
440521587194814	440521603986532	440521587354137
440521603731324	440521620416532	440521604130751
440521620426064	440521636846427	440521620782626
440521637072157	440521653274396	440521637428876
440521653724137	440521677917522	440521667362626
440521670370282	440521686130803	440521670734605
440521695535439	440521710768980	440521695810751
440521703725126	440521718980855	440521703908407
440521720407782	440521735406479	440521720768876
440521737054501	440521751831948	440521737421845
440521753721480	440521768256741	440521754072314
440521770409814	440521784684501	440521770962626
440521794743564	440521809324448	440521795026064
440521803702939	440521817536011	440521804088355
440521820414501	440521833959761	440521820763251
440521837098407	440521850384032	440521837447157
440521853790386	440521866806896	440521854173876
440521870459189	440521891438303	440521880950074
440521894482105	440521907862105	440521894763720
440521903706220	440521916074761	440521903906689
440521920485439	440521932498198	440521920857418
440521937102626	440521948923043	440521937474605
440521953752157	440521965347886	440521954100751
440521970387418	440521981776116	440521970734136
440521987109345	440522006418563	440521990092314
440522011440543	440522022845803	440522011745699
440522020422001	440522031058823	440522020794136
440522037170907	440522055698719	440522037519501
440522053761063	440522072124657	440522054125230
440522070497574	440522088555907	440522070859188
440522087153720	440522104987834	440522087531636
440522103750126	440522121417886	440522109109813
440522128598563	440522146060594	440522128895386
440522137351845	440522154275386	440522137392157
440522153800074	440522170704396	440522154149970
440522170481845	440522187133251	440522170839761
440522187297261	440522203562104	440522187555751
440522203931063	440522219989083	440522204156845
440522220496011	440522236414969	440522226199657
440522245193876	440522261053511	440522245481063
440522253839345	440522269267105	440522254030855
440522270479345	440522285694188	440522270837782
440522287146220	440522302121792	440522287499657
440522303842001	440522318549501	440522304192626
440522320481220	440522334977053	440522320844501
440522337207157	440522351407938	440522339957626
440522361929501	440522376052521	440522362215751
440522370463251	440522384267781	440522370809970
440522387158043	440522400697417	440522387531324
440522403892157	440522417124969	440522404208407
440522420510282	440522433551636	440522420883355
440522437147470	440522449975386	440522437491688
440522453756845	440522474613146	440522457451376
440522478787938	440522491043406	440522479085907
440522487164032	440522499259292	440522487545282
440522503865438	440522515688771	440522504220282
440522520468407	440522532117782	440522520819501
440522537145386	440522548549084	440522537504970
440522553931063	440522581405334	440522570462157
440522570678407	440522589618667	440522570689917
440522595150751	440522606045750	440522595430907
440522603772730	440522614258302	440522604143563
440522620464605	440522630681479	440522620829501
440522637227157	440522655320230	440522637544292
440522653782626	440522671746219	440522654160699
440522670406532	440522696388406	440522684053199
440522696768199	440522712816219	440522697052782
440522703788719	440522721028979	440522704114344
440522720487782	440522737454917	440522720826063
440522737108407	440522753883146	440522737457938
440522753714657	440522770309292	440522754077313
440522770468824	440522786736063	440522770779344
440522787102782	440522803162938	440522791867001
440522812640386	440522827804865	440522812932886
440522820440126	440522836019032	440522820624136
440522837109605	9223372036854775807	440522837494292

POLL t=56.5 tick=1865
8333333
440532454110695	440532471151111	440532454463560
440532470755539	440532487577101	440532471119445
440532487464653	440532504002257	440532491224810
440532511706945	440532528639028	440532511986216
440532520715226	440532536851163	440532520909653
440532537439028	440532553273819	440532537817153
440532554103247	440532569698298	440532554458976
440532570773247	440532586123351	440532571151945
440532587385434	440532610759861	440532593288195
440532611893872	440532627186684	440532612170122
440532620747309	440532635399965	440532621137257
440532637469028	440532651825069	440532637821841
440532654064184	440532668249028	440532654430747
440532670739497	440532684673715	440532671106164
440532687426216	440532709308924	440532692204132
440532711831528	440532725731320	440532712127309
440532720724028	440532733943611	440532721078872
440532737396528	440532750370278	440532737761684
440532754085539	440532766803298	440532754462726
440532770793247	440532783231893	440532771167934
440532787469966	440532807879757	440532796694028
440532811584497	440532824311111	440532811872101
440532820766684	440532832526892	440532821138403
440532837435434	440532848956475	440532837802414
440532854141997	440532865386475	440532854490591
440532870810278	440532881815486	440532871170070
440532887453716	440532906460642	440532895043403
440532911718976	440532922890121	440532912048091
440532920775434	440532939317986	440532921136372
440532937423663	440532955740434	440532937837570
440532954055695	440532972163924	440532954456684
440532970753195	440532988589913	440532971115070
440532987452309	440533005014965	440532994473559
440533011810747	440533029656163	440533012102309
440533021137622	440533037870017	440533021068195
440533037446997	440533054297517	440533037823091
440533054122466	440533070723559	440533054485747
440533070855070	440533087151372	440533071215695
440533087435747	440533111793455	440533095230122
440533111998091	440533128222465	440533112294653
440533120908559	440533136435486	440533121281059
440533137610591	440533152862308	440533137983195
440533154295278	440533169288090	440533154651840
440533170966632	440533185715329	440533171330695
440533187598090	440533210357309	440533192519653
440533212044184	440533226786579	440533212294757
440533220955590	440533235001892	440533221314653
440533237686684	440533251430381	440533238037570
440533254309913	440533267857777	440533254673351
440533270968351	440533284285954	440533271341372
440533287616945	440533308927361	440533296629913
440533312157101	440533325352673	440533312451840
440533321106059	440533333567986	440533321369132
440533337641684	440533349994549	440533338008090
440533354296840	440533366422725	440533354658872
440533370983872	440533382850902	440533371363715
440533387633872	440533415705173	440533399322934
440533413380434	440533423919131	440533413689965
440533420999340	440533432132100	440533421403559
440533437692726	440533448559965	440533438052622
440533454320538	440533464990225	440533454684653
440533470988403	440533489636787	440533471364653
440533487670747	440533514280330	440533497142101
440533513547465	440533530708246	440533513827101
440533520924653	440533538921632	440533521218038
440533537625070	440533555351372	440533537984340
440533554326684	440533571779861	440533554684028
440533570986007	440533588208298	440533571348559
440533587586840	440533612849861	440533599841684
440533612582622	440533629278871	440533612952257
440533620931372	440533637492673	440533621904809
440533637604288	440533653920799	440533637954340
440533654226684	440533670347257	440533654606372
440533670915382	440533686777569	440533671299965
440533687606788	440533711421631	440533694941840
440533711849184	440533727850851	440533712178819
440533720893247	440533736067205	440533721262726
440533737605851	440533752498090	440533737960851
440533754287778	440533768927257	440533754674340
440533770967309	440533785357777	440533771331372
440533787612413	440533801788350	440533791274965
440533812159288	440533826436423	440533812467101
440533820972101	440533834651319	440533821349913
440533837662621	440533851081787	440533838051215
440533854357309	440533867512725	440533854719288
440533871013663	440533883943141	440533871380278
440533887736371	440533908586006	440533893037882
440533911903715	440533925014860	440533912197621
440533920987934	440533933230746	440533921357465
440533937686371	440533949661527	440533938051163
440533954356684	440533966091058	440533954712153
440533971004809	440533982518663	440533971362413
440533987744653	440534007158558	440533991097621
440534012212778	440534023587048	440534012503403
440534021028090	440534031801632	440534021408819
440534037659965	440534048230746	440534038020851
440534054349184	440534064660277	440534054719184
440534071056371	440534089302777	440534071419496
440534087675434	440534105732413	440534095548715
440534112081840	440534130372829	440534112328194
440534120998403	440534138586476	440534121263246
440534137691059	440534155015329	440534138072621
440534154343351	440534171442360	440534154695382
440534170960903	440534196083714	440534185545434
440534187629965	440534204297830	440534188520694
440534212288715	440534228941996	440534212599913
440534220937153	440534237157465	440534221138194
440534237606996	440534253585590	440534237972465
440534254288246	440534270011423	440534254669132
440534270960382	440534294652569	440534279615121
440534295533871	440534311078089	440534295825590
440534304273975	440534319290485	440534304641528
440534320981163	440534335716840	440534321348038
440534337592778	440534352145954	440534337961528
440534354275694	440534368571110	440534354650590
440534370949444	440534393213558	440534376471840
440534395398819	440534409644287	440534395698871
440534404268194	440534417860017	440534404637569
440534420943403	440534434288194	440534421312465
440534437601215	440534450715278	440534437967621
440534454292153	440534467144235	440534454666684
440534470999132	440534491783871	440534474632309
440534496453507	440534508209600	440534496730277
440534504307309	440534516423610	440534504685746
440534521031684	440534532849443	440534521382621
440534537627621	440534549275902	440534537989965
440534554338038	9223372036854775807	440534554704340

POLL t=68.5 tick=1983
8333333
440544688487930	440544703065742	440544688850742
440544705153086	440544727711628	440544716709284
440544729534492	440544744141314	440544729823711
440544738483503	440544752354909	440544738857617
440544755164024	440544768783190	440544755545274
440544771843242	440544801642357	440544786158867
440544788481524	440544809857617	440544788914180
440544816510430	440544834503242	440544816933399
440544821816367	440544842717461	440544822210899
440544838478086	440544850932825	440544838842774
440544855180430	440544867363346	440544856818086
440544880064180	440544892007721	440544880345430
440544888502253	440544900222461	440544888895742
440544905168711	440544916652408	440544905521367
440544921828086	440544949509857	440544934635065
440544938502617	440544957724387	440544938989961
440544963322617	440544974153137	440544963618086
440544971842721	440544982367773	440544972225430
440544988494805	440544998799960	440544988869648
440545005176680	440545023444492	440545007618555
440545029734180	440545048088398	440545030035534
440545038543815	440545056304544	440545038757773
440545055158086	440545072734596	440545055543190
440545071842461	440545097378658	440545083512461
440545097110065	440545113809023	440545097404492
440545105201523	440545122024700	440545106135742
440545121833867	440545138456523	440545122200430
440545138499180	440545163104804	440545153337930
440545155191628	440545171322043	440545156205065
440545181889440	440545195971314	440545182192253
440545188474805	440545204186784	440545188671367
440545205123555	440545220618241	440545205510846
440545221852878	440545237048502	440545226146367
440545246680690	440545261690221	440545247027930
440545255158503	440545269904440	440545255531055
440545271843242	440545286333814	440545272205273
440545288510117	440545319190169	440545301900273
440545305167565	440545327405065	440545305513971
440545329939909	440545343833086	440545330230117
440545338497148	440545352046783	440545338924336
440545355177878	440545368472356	440545355539805
440545371878555	440545393114022	440545375158086
440545395854336	440545409540585	440545396146002
440545405215221	440545417753867	440545405710221
440545421891992	440545434179648	440545422437148
440545438523555	440545450605741	440545438875377
440545455206159	440545475242409	440545462221523
440545480108659	440545491668606	440545480432773
440545488513398	440545499880898	440545488876471
440545505252148	440545516307929	440545505588242
440545521891680	440545549166575	440545535927930
440545538535377	440545557381470	440545538895430
440545563232252	440545573810221	440545563527409
440545571900586	440545590239960	440545572255742
440545588553659	440545606669231	440545588920117
440545605219179	440545623097564	440545610955742
440545629414179	440545647737825	440545629755221
440545638557096	440545655952304	440545638837252
440545655226159	440545672382512	440545655598867
440545671876367	440545697020742	440545684774336
440545688589023	440545705233501	440545689009648
440545717016679	440545729872564	440545717322304
440545721815898	440545738085846	440545722414492
440545738596784	440545754514179	440545739134804
440545755247617	440545779155534	440545764921054
440545779502721	440545795584440	440545779793398
440545788573086	440545803798866	440545788954961
440545805232929	440545820227147	440545805623346
440545821894284	440545844869856	440545835073711
440545847572148	440545861295950	440545847866940
440545855237617	440545869510117	440545855606523
440545871933502	440545885939023	440545872294648
440545888663398	440545918799700	440545901962773
440545905330690	440545927015481	440545905654752
440545934120117	440545951665065	440545934407721
440545939016471	440545959881314	440545939353398
440545955317304	440545968097616	440545955727773
440545971991211	440545984528033	440545972357409
440545988740898	440546000956210	440545989081523
440546012757409	440546025599596	440546013061679
440546022029179	440546033815012	440546022510690
440546038744440	440546050245117	440546039129492
440546055352148	440546066675064	440546055711783
440546072125117	440546091320273	440546077543815
440546096449804	440546107750637	440546096742148
440546105361992	440546115968189	440546105731471
440546122033554	440546132398710	440546122398815
440546138716940	440546165255533	440546150047148
440546163889648	440546181689492	440546164161367
440546172014492	440546189905168	440546172287721
440546188647929	440546206336835	440546189022617
440546205343867	440546230983918	440546219987408
440546222047304	440546239200012	440546222448711
440546249889023	440546263846731	440546250199440
440546255278867	440546272062460	440546256384961
440546271975273	440546288491783	440546272354179
440546288710065	440546313136523	440546295473398
440546312291367	440546329567251	440546312576679
440546322024752	440546337782721	440546322298502
440546338684440	440546354211575	440546339065429
440546355311054	440546387068502	440546369905898
440546372042773	440546395282668	440546372314335
440546399946835	440546411711314	440546400264127
440546405311679	440546419925846	440546405729335
440546421960117	440546436354595	440546422346367
440546438688710	440546452784387	440546441893554
440546463086002	440546477427147	440546463391627
440546471991054	440546485642252	440546472434335
440546488681315	440546502071991	440546489042565
440546505321158	440546534932043	440546521528867
440546522035429	440546543146367	440546522122773
440546548834492	440546559578189	440546549118398
440546555300690	440546567794856	440546555677721
440546572020065	440546584226210	440546572365690
440546588684179	440546608870898	440546590938658
440546612793867	440546625302877	440546613153242
440546622005898	440546633519126	440546622439492
440546638774908	440546649952043	440546639215273
440546655386367	440546666383085	440546655736679
440546672032148	440546691027408	440546680147773
440546696477252	440546707458241	440546696763242
440546705320377	440546723887981	440546705695273
440546722008814	440546740318137	440546722385585
440546738671835	440546764965273	440546753504804
440546755330429	440546773181991	440546755650585
440546783403398	440546797828293	440546783701523
440546788659179	440546806043658	440546789030064

POLL t=78.6 tick=2117
8333333
440554763552145	440554774924436	440554763914801
440554772300426	440554783140269	440554772709280
440554788971207	440554799571520	440554789331988
440554805639957	440554832435790	440554818385061
440554831549280	440554848865685	440554831854645
440554838967249	440554857081467	440554839230843
440554855656832	440554873513498	440554856048238
440554872359957	440554898160270	440554884658551
440554888977145	440554906375634	440554889428863
440554917116207	440554931023967	440554917416311
440554922277249	440554939241467	440554923065426
440554939000530	440554955672196	440554939499749
440554955642561	440554980317977	440554965216676
440554980487926	440554996750321	440554980780113
440554988967249	440555004966103	440554989331676
440555005654176	440555021398134	440555006026988
440555022317613	440555046048446	440555035979020
440555038997249	440555054264800	440555039526676
440555067556832	440555078914280	440555067941676
440555072318395	440555087128915	440555072792613
440555088977926	440555103557196	440555089356051
440555105656624	440555119986780	440555108974645
440555132191363	440555144634749	440555132541520
440555138950426	440555152849384	440555139453551
440555155697093	440555169280738	440555156095895
440555172317874	440555185710686	440555172674020
440555188990270	440555210356207	440555194736051
440555213915738	440555226787560	440555214205999
440555222289592	440555235002301	440555222663811
440555238979645	440555251433654	440555239343395
440555255646832	440555284293290	440555267121363
440555281800582	440555292507978	440555282092249
440555288939020	440555300722821	440555289311676
440555305606051	440555317153082	440555305981676
440555322283863	440555350015582	440555337656832
440555338976207	440555358231311	440555339320113
440555366195999	440555382876519	440555366489176
440555372282145	440555391094228	440555372555582
440555388965426	440555399310946	440555389328186
440555405659020	440555423958654	440555407095426
440555432951051	440555448603550	440555433251051
440555438996207	440555456817977	440555439337144
440555455639644	440555473249227	440555456028967
440555472331363	440555489682300	440555479778551
440555497840426	440555514330738	440555498188238
440555505634801	440555522546519	440555506235113
440555522266363	440555538978602	440555522684019
440555538987874	440555563625061	440555553162249
440555555696832	440555571839905	440555556506780
440555583821363	440555596487091	440555584107769
440555588948238	440555604703810	440555589434801
440555605648394	440555621139175	440555606025269
440555622291051	440555637574384	440555625758499
440555647346676	440555662225321	440555647710738
440555655648863	440555670441519	440555656060842
440555672291155	440555686873551	440555672674332
440555688990426	440555719742509	440555703531207
440555705656363	440555727959696	440555706033030
440555732235113	440555744393134	440555732529905
440555738973811	440555752612040	440555739361780
440555755647926	440555769048811	440555756080738
440555772529957	440555793704071	440555777557561
440555797103967	440555810139748	440555797465113
440555805660894	440555818357925	440555806161519
440555822344332	440555834794332	440555822710217
440555838986207	440555851229436	440555839355842
440555855653707	440555875887404	440555860459124
440555880991676	440555892322873	440555881277144
440555889011519	440555900539905	440555889441051
440555905658811	440555916974071	440555906028551
440555922326988	440555958060373	440555939913498
440555939261519	440555966277560	440555940107092
440555969041155	440555982711363	440555969333707
440555972272144	440555990927040	440555972573551
440555989049957	440556007357456	440555989419019
440556005704332	440556023789227	440556013525686
440556032484436	440556048437353	440556032834748
440556038994748	440556056654071	440556039279748
440556055659488	440556073086467	440556056061207
440556072351832	440556097737769	440556087444176
440556089089488	440556105954175	440556089886519
440556114780582	440556130604488	440556115069175
440556122383550	440556138820841	440556123213394
440556139095113	440556155253029	440556139451832
440556155827613	440556171685841	440556158378863
440556181055686	440556196334071	440556181365894
440556189068498	440556204550060	440556189283394
440556205811207	440556220981154	440556206176311
440556222468394	440556237413446	440556222829748
440556239160842	440556253843759	440556242836936
440556264916988	440556278493394	440556265224175
440556272469905	440556286708602	440556272834800
440556289138342	440556303140112	440556289501988
440556305820269	440556336004123	440556319037457
440556335805425	440556352436779	440556336171936
440556341874123	440556360653602	440556342147925
440556358561936	440556368870113	440556358935738
440556375182300	440556401733758	440556389047873
440556402528863	440556418165425	440556402811675
440556408534644	440556426379696	440556408808082
440556425224123	440556442813029	440556425577769
440556441847769	440556467464383	440556455543550
440556458567300	440556475681154	440556458930061
440556486874957	440556500328967	440556487154175
440556491832613	440556508544227	440556492850894
440556508537248	440556524973706	440556508914280
440556525282613	440556541405009	440556529261779
440556551407457	440556566055060	440556551745582
440556558533082	440556574272351	440556558741050
440556575258238	440556590704018	440556575634644
440556591934644	440556623570373	440556608078967
440556608576154	440556631786935	440556608694904
440556634569332	440556648219071	440556634889957
440556641910061	440556656435477	440556642287925
440556658588082	440556672869332	440556658961207
440556675261050	440556697521935	440556679713082
440556701000425	440556713957613	440556701359175
440556708574019	440556722175477	440556708937457
440556725227144	440556738610529	440556725595269
440556741889957	440556771481414	440556754779175
440556758521988	440556779698133	440556758815581
440556790032300	440556804345737	440556790408706
440556791867613	440556812562351	440556792207561
440556808612769	440556820778342	440556808986519
440556825336311	440556837209071	440556827251050
440556850830373	440556861853810	440556851129279
440556858685998	9223372036854775807	440556859187561

POLL t=90.6 tick=2323
8333333
440566709161515	440566720922400	440566709528703
440566725846671	440566745568910	440566732151567
440566749674328	440566761999692	440566749964796
440566759164171	440566770215057	440566759578078
440566775815734	440566786647557	440566776205734
440566792524640	440566811297400	440566799794432
440566816863703	440566827732296	440566817156203
440566825823703	440566844166202	440566826179432
440566842475578	440566860601098	440566842841619
440566859211671	440566877035056	440566866618234
440566883008026	440566901684275	440566883299276
440566892477713	440566909901098	440566892754744
440566909140109	440566926333859	440566909514588
440566925853807	440566942765004	440566932859744
440566949650734	440566967416671	440566949940265
440566959174588	440566975634119	440566960120578
440566975861984	440566992068754	440566976232765
440566992495421	440567016720994	440566998930526
440567017910734	440567033154431	440567018209953
440567025781984	440567041370525	440567026156359
440567042451775	440567057804744	440567042824171
440567059154588	440567082451879	440567066315734
440567082935734	440567098885108	440567083229640
440567092450578	440567107101202	440567092825369
440567109130109	440567123533859	440567109515265
440567125854588	440567148185004	440567130931515
440567149741307	440567164617453	440567150022921
440567159133234	440567172833129	440567159522296
440567175840994	440567189266983	440567176256984
440567192506775	440567213919118	440567198164015
440567217032921	440567230353077	440567217364484
440567225787557	440567238568077	440567226159640
440567242462140	440567254997921	440567242826515
440567259182609	440567279644848	440567266147609
440567283278390	440567296076774	440567283573859
440567292458963	440567304293442	440567292824015
440567309126984	440567320724848	440567309518077
440567325803859	440567345374691	440567331398077
440567350061359	440567361804274	440567350357609
440567359124327	440567370019691	440567359504171
440567375789484	440567386448077	440567376156046
440567392482088	440567411092400	440567398750265
440567417244275	440567435739744	440567417532296
440567425819484	440567443955994	440567426102244
440567442510525	440567460388546	440567442851515
440567459179900	440567485030369	440567467268390
440567484790421	440567501460577	440567485153390
440567492519484	440567509674222	440567492900838
440567509187140	440567526103754	440567509554796
440567525815890	440567550748754	440567533397296
440567550867713	440567567177504	440567551158234
440567559159796	440567575392296	440567559579327
440567575850265	440567591826879	440567576216827
440567592567921	440567616471931	440567599502765
440567617416827	440567632898910	440567617729744
440567625828963	440567641111567	440567626199588
440567642512921	440567657538442	440567642892452
440567659195265	440567682178181	440567666056515
440567683722609	440567698602920	440567684012296
440567692504327	440567706815785	440567692901359
440567709183077	440567723240837	440567709550109
440567725837140	440567747882660	440567733304171
440567750600525	440567764311462	440567750888025
440567759159484	440567772526306	440567759531202
440567775835109	440567788953494	440567776203234
440567792490681	440567813593337	440567799448650
440567817398650	440567830021202	440567817697921
440567825822088	440567838235213	440567826195577
440567842526515	440567854660889	440567842904952
440567859270265	440567879303546	440567867608963
440567883910681	440567895731462	440567884189431
440567892514640	440567903944796	440567892882452
440567909191775	440567920371931	440567909550265
440567925902921	440567945011097	440567934019327
440567950585733	440567961436723	440567950868858
440567959212608	440567969650681	440567959606463
440567975916515	440567986078129	440567976272765
440567992648390	440568010720577	440567999761619
440568018127713	440568035361775	440568018511515
440568025888390	440568043575733	440568026160994
440568042510994	440568060001983	440568042891046
440568059204640	440568084646722	440568068817452
440568085332608	440568101078649	440568085638077
440568092526671	440568109295108	440568093190733
440568109212869	440568125727296	440568109611515
440568125971358	440568150373962	440568135022140
440568151829796	440568166804795	440568152119119
440568159193390	440568175020785	440568159604015
440568175917452	440568191449952	440568176267556
440568192658702	440568216096202	440568200520733
440568217368390	440568232523754	440568217659900
440568225886358	440568240738129	440568226287765
440568242572869	440568257168181	440568242939327
440568259295838	440568281815368	440568265869483
440568284286046	440568298245576	440568284567452
440568292526515	440568306460733	440568292891358
440568309228494	440568322889535	440568309570369
440568325903494	440568347534066	440568333646358
440568351098546	440568363964327	440568351386515
440568359230369	440568372179326	440568359626306
440568375879952	440568388609379	440568376233650
440568392645681	440568413257660	440568400979796
440568419068962	440568437905941	440568419455108
440568425888077	440568446122555	440568426156931
440568442488390	440568454338701	440568442849171
440568459294900	440568478981462	440568467410837
440568484332712	440568495412243	440568484609587
440568492554171	440568503628702	440568493001827
440568509220994	440568520060056	440568509598233
440568525891358	440568544704482	440568533446358
440568551225108	440568561133545	440568551509171
440568559163077	440568577563597	440568559551827
440568575877712	440568593994223	440568576260421
440568592568702	440568618637868	440568600910837
440568619493389	440568635065421	440568619774952
440568625854744	440568643279952	440568626142139
440568642521983	440568659707816	440568642888858
440568659197764	440568684352712	440568669491150
440568685464796	440568700781462	440568685767139
440568692520056	440568708995368	440568693562764
440568709185212	440568725425889	440568709547608
440568725884275	440568750069796	440568735090733
440568751390889	440568766499587	440568751761514
440568759129796	440568774713858	440568759325994
440568775880421	440568791146983	440568776247764
440568792579744	440568815788180	440568805618962
440568809251046	440568824003181	440568809730577

POLL t=100.9 tick=2467
8333333
440576743719480	440576760196616	440576745069272
440576771831303	440576784842501	440576772093699
440576777006928	440576793058855	440576777570730
440576793723178	440576809490417	440576794224949
440576810360991	440576834135157	440576818797136
440576834821928	440576850564792	440576835128543
440576843677136	440576858780886	440576844160886
440576860355730	440576875211302	440576860721147
440576877022553	440576908067032	440576892625105
440576893690730	440576916280885	440576894028074
440576921192865	440576932709949	440576921565522
440576926970522	440576940924427	440576927492240
440576943689168	440576957354167	440576944198855
440576960335053	440576982000261	440576964737761
440576987572449	440576998431146	440576987921824
440576993672449	440577006646979	440576994175574
440577010438699	440577023076199	440577010956980
440577027071355	440577039508490	440577027436199
440577043737293	440577064154896	440577048279636
440577068356928	440577080583958	440577068658334
440577077116042	440577088797813	440577077602709
440577093699584	440577105227553	440577094066824
440577110372449	440577138087448	440577125104324
440577127069792	440577146303074	440577127474584
440577154458386	440577170952709	440577154746615
440577160349324	440577179171406	440577160615417
440577177025834	440577203821094	440577189648334
440577193698542	440577212035000	440577194039636
440577221411772	440577236676979	440577221699115
440577227056199	440577244890886	440577227379897
440577243713386	440577261317292	440577244050417
440577260369636	440577277742708	440577261476928
440577284484011	440577302384427	440577284780574
440577293673699	440577310597708	440577294378803
440577310328855	440577327025729	440577310847501
440577327110365	440577359886719	440577343039324
440577343679949	440577368102657	440577343953074
440577368436042	440577384532708	440577368725053
440577377028022	440577392748386	440577377397136
440577393692917	440577425608698	440577408182917
440577410351667	440577433826563	440577410701824
440577437310261	440577450258542	440577437606824
440577443659167	440577458474167	440577444165730
440577460325417	440577474905626	440577460698230
440577477050417	440577491334792	440577477412917
440577503028230	440577515980990	440577503315261
440577510371042	440577524195157	440577510740730
440577527034584	440577557054114	440577539691303
440577543708074	440577565268542	440577544057709
440577570839115	440577581696250	440577571112449
440577576984949	440577589911302	440577577410730
440577593729428	440577606338542	440577594087917
440577610420209	440577622767709	440577610556667
440577634349167	440577647409532	440577634626199
440577643731980	440577655623073	440577644094896
440577660396980	440577688478750	440577674046146
440577677067761	440577696693282	440577677410886
440577703333803	440577721335729	440577703622240
440577710414792	440577729549167	440577710778855
440577727059740	440577745976875	440577736265834
440577750801928	440577762405156	440577751096459
440577760374323	440577778835365	440577760756042
440577777070521	440577795264844	440577777439167
440577793733386	440577811693438	440577801924896
440577817839480	440577836337761	440577818126667
440577827087448	440577844552552	440577827464948
440577843786615	440577860982760	440577844160730
440577860469480	440577877413958	440577866265105
440577884191928	440577902062657	440577884490053
440577893838698	440577910277657	440577894132448
440577910488698	440577926709791	440577910854323
440577927193698	440577943142812	440577932767865
440577951030417	440577967790469	440577951314011
440577960416042	440577976007292	440577960779323
440577977124792	440577992439270	440577977484428
440577993797761	440578017080677	440578001237396
440578017831355	440578033506719	440578018114115
440578027148230	440578041721614	440578027514011
440578043796146	440578058149896	440578044175261
440578060565886	440578082791875	440578064986980
440578084465417	440578099221562	440578084780417
440578093849323	440578107437500	440578094292136
440578110529636	440578123867864	440578110907761
440578127197761	440578148515729	440578136415417
440578151304636	440578164944948	440578151597605
440578160506615	440578173159374	440578160861980
440578177182240	440578189590781	440578177554011
440578193924480	440578214238073	440578198294636
440578217684115	440578230668594	440578217976667
440578227086198	440578238883750	440578227461823
440578243868855	440578255313177	440578244306980
440578260582917	440578288173386	440578270570417
440578285537396	440578296389010	440578285821198
440578293833073	440578304604063	440578294208334
440578310475573	440578321035833	440578310839011
440578327207448	440578345684166	440578335922136
440578351194011	440578362114427	440578351479896
440578360528386	440578378544166	440578360897292
440578377147240	440578394975052	440578377519584
440578393832709	440578411404427	440578401007136
440578417664427	440578436046562	440578417942865
440578427416198	440578444259479	440578427728229
440578443856979	440578460686718	440578444223386
440578460534011	440578477115313	440578464578021
440578484046667	440578501758124	440578484306459
440578493830573	440578509973698	440578494056511
440578510498542	440578526403125	440578510857240
440578527186042	440578551047552	440578536729584
440578550561146	440578567477083	440578550841198
440578560465573	440578575690365	440578560673021
440578577146979	440578592118020	440578577506511
440578593830573	440578608547709	440578598094011
440578618236667	440578633191093	440578618599740
440578627155729	440578641405677	440578627528542
440578643839948	440578657836719	440578644198698
440578660494636	440578674266406	440578664249323
440578683721667	440578698908125	440578684069271
440578693759896	440578707121926	440578694132709
440578710474323	440578723550208	440578710841823
440578727146511	440578739978124	440578729653542
440578750755417	440578764618229	440578751126354
440578760439636	440578772832083	440578760853021
440578777147292	440578789261771	440578777531667
440578793780209	440578813905104	440578802349011
440578817016042	440578830336041	440578817316146
440578827116042	440578838552083	440578827492448
440578843815365	440578854983698	440578844183229

