window ticks 1934->2577 wall 26.19 s (units: 10 ms per state)
--- cpu0 freq_Hz delta_10ms
384000 0
556800 0
748800 0
960000 0
1152000 0
1363200 0
1555200 0
1785600 135
1996800 28
2227200 17
2400000 9
2745600 10
2918400 2
3072000 6
3321600 2
3532800 2410
--- cpu1 freq_Hz delta_10ms
384000 0
556800 0
748800 0
960000 0
1152000 0
1363200 0
1555200 0
1785600 139
1996800 30
2227200 17
2400000 9
2745600 10
2918400 2
3072000 6
3321600 2
3532800 2405
--- cpu2 freq_Hz delta_10ms
384000 0
556800 0
748800 0
960000 0
1152000 0
1363200 0
1555200 0
1785600 143
1996800 30
2227200 17
2400000 9
2745600 10
2918400 2
3072000 6
3321600 2
3532800 2402
--- cpu3 freq_Hz delta_10ms
384000 0
556800 0
748800 0
960000 0
1152000 0
1363200 0
1555200 0
1785600 146
1996800 31
2227200 17
2400000 9
2745600 10
2918400 2
3072000 6
3321600 2
3532800 2396
--- cpu4 freq_Hz delta_10ms
384000 0
556800 0
748800 0
960000 0
1152000 0
1363200 0
1555200 0
1785600 150
1996800 31
2227200 17
2400000 9
2745600 10
2918400 2
3072000 6
3321600 2
3532800 2393
--- cpu5 freq_Hz delta_10ms
384000 0
556800 0
748800 0
960000 0
1152000 0
1363200 0
1555200 0
1785600 152
1996800 31
2227200 17
2400000 9
2745600 10
2918400 2
3072000 7
3321600 2
3532800 2390
--- cpu6 freq_Hz delta_10ms
1017600 0
1209600 0
1401600 0
1689600 0
1958400 0
2246400 77
2438400 10
2649600 12
2841600 13
3072000 28
3283200 19
3513600 92
3801600 742
4089600 600
4204800 224
4320000 804
--- cpu7 freq_Hz delta_10ms
1017600 0
1209600 0
1401600 0
1689600 0
1958400 0
2246400 78
2438400 10
2649600 12
2841600 13
3072000 28
3283200 19
3513600 92
3801600 742
4089600 599
4204800 224
4320000 804
gpu_freqs: 1100000000 1050000000 967000000 900000000 832000000 734000000 660000000 607000000 525000000 443000000 389000000 342000000 222000000 160000000
gpu_clock_stats_delta: 0 0 0 0 0 0 16557925 0 0 0 0 0 0 0
