408 16384 1310656
570 32768 2621376
758 49152 3933172
822 65536 8894143
849 81920 14916163
876 98304 20942526
934 114688 25951440
958 131072 31518765
982 147456 36861875
1107 163840 40105184
1317 180224 41415904
1501 196608 42862820
1607 212992 47367258
1622 229376 65249080
1638 245760 83860465
1654 262144 102272670
1669 278528 120540073
1685 294912 139015340
1700 311296 157222267
1715 327680 175047073
1730 344064 191760139
1744 360448 209125258
1758 376832 226037542
1772 393216 243162284
1787 409600 260847118
1801 425984 278469097
1816 442368 296034683
1831 458752 313473921
1846 475136 330996348
1861 491520 348455301
1876 507904 365506891
1890 524288 383020747
1905 540672 400397486
1919 557056 417587298
1934 573440 434833306
1948 589824 452015685
1963 606208 469416799
1977 622592 486929199
1992 638976 504508447
2006 655360 521916155
2022 671744 539598757
2037 688128 557009046
2052 704512 574578031
2067 720896 592077177
2083 737280 609554386
2098 753664 627021123
2114 770048 644812292
2130 786432 662307567
2146 802816 679889807
2162 819200 697838953
2178 835584 716456037
2194 851968 735315291
2210 868352 754368885
2226 884736 773563067
2242 901120 792458638
2259 917504 811377090
2275 933888 829614106
2292 950272 848216997
2310 966656 866657883
2328 983040 885256063
2346 999424 904000576
2364 1015808 922518426
2382 1032192 941467812
2400 1048576 960946344
2418 1064960 980269903
2436 1081344 999317037
