window ticks 1949->2552 wall 20.89 s (units: 10 ms per state)
--- cpu0 freq_Hz delta_10ms
384000 0
556800 0
748800 0
960000 0
1152000 0
1363200 0
1555200 0
1785600 0
1996800 0
2227200 0
2400000 0
2745600 0
2918400 0
3072000 0
3321600 0
3532800 2087
--- cpu1 freq_Hz delta_10ms
384000 0
556800 0
748800 0
960000 0
1152000 0
1363200 0
1555200 0
1785600 0
1996800 0
2227200 0
2400000 0
2745600 0
2918400 0
3072000 0
3321600 0
3532800 2087
--- cpu2 freq_Hz delta_10ms
384000 0
556800 0
748800 0
960000 0
1152000 0
1363200 0
1555200 0
1785600 0
1996800 0
2227200 0
2400000 0
2745600 0
2918400 0
3072000 0
3321600 0
3532800 2087
--- cpu3 freq_Hz delta_10ms
384000 0
556800 0
748800 0
960000 0
1152000 0
1363200 0
1555200 0
1785600 0
1996800 0
2227200 0
2400000 0
2745600 0
2918400 0
3072000 0
3321600 0
3532800 2086
--- cpu4 freq_Hz delta_10ms
384000 0
556800 0
748800 0
960000 0
1152000 0
1363200 0
1555200 0
1785600 0
1996800 0
2227200 0
2400000 0
2745600 0
2918400 0
3072000 0
3321600 0
3532800 2085
--- cpu5 freq_Hz delta_10ms
384000 0
556800 0
748800 0
960000 0
1152000 0
1363200 0
1555200 0
1785600 0
1996800 0
2227200 0
2400000 0
2745600 0
2918400 0
3072000 0
3321600 0
3532800 2085
--- cpu6 freq_Hz delta_10ms
1017600 0
1209600 0
1401600 0
1689600 0
1958400 0
2246400 0
2438400 0
2649600 0
2841600 1
3072000 2
3283200 2
3513600 5
3801600 1177
4089600 374
4204800 25
4320000 499
--- cpu7 freq_Hz delta_10ms
1017600 0
1209600 0
1401600 0
1689600 0
1958400 0
2246400 0
2438400 0
2649600 0
2841600 1
3072000 2
3283200 2
3513600 5
3801600 1177
4089600 374
4204800 25
4320000 500
gpu_freqs: 1100000000 1050000000 967000000 900000000 832000000 734000000 660000000 607000000 525000000 443000000 389000000 342000000 222000000 160000000
gpu_clock_stats_delta: 0 0 0 428028 1821809 1175588 11757605 0 0 0 0 0 0 0
