window ticks 1982->2554 wall 25.39 s (units: 10 ms per state)
--- cpu0 freq_Hz delta_10ms
384000 0
556800 0
748800 0
960000 0
1152000 0
1363200 0
1555200 0
1785600 525
1996800 32
2227200 19
2400000 11
2745600 11
2918400 2
3072000 4
3321600 2
3532800 1929
--- cpu1 freq_Hz delta_10ms
384000 0
556800 0
748800 0
960000 0
1152000 0
1363200 0
1555200 0
1785600 529
1996800 32
2227200 19
2400000 11
2745600 11
2918400 2
3072000 4
3321600 2
3532800 1926
--- cpu2 freq_Hz delta_10ms
384000 0
556800 0
748800 0
960000 0
1152000 0
1363200 0
1555200 0
1785600 533
1996800 32
2227200 19
2400000 11
2745600 11
2918400 2
3072000 4
3321600 2
3532800 1921
--- cpu3 freq_Hz delta_10ms
384000 0
556800 0
748800 0
960000 0
1152000 0
1363200 0
1555200 0
1785600 536
1996800 32
2227200 19
2400000 11
2745600 11
2918400 2
3072000 4
3321600 2
3532800 1918
--- cpu4 freq_Hz delta_10ms
384000 0
556800 0
748800 0
960000 0
1152000 0
1363200 0
1555200 0
1785600 539
1996800 33
2227200 19
2400000 11
2745600 11
2918400 2
3072000 4
3321600 2
3532800 1915
--- cpu5 freq_Hz delta_10ms
384000 0
556800 0
748800 0
960000 0
1152000 0
1363200 0
1555200 0
1785600 541
1996800 33
2227200 20
2400000 11
2745600 11
2918400 2
3072000 4
3321600 2
3532800 1911
--- cpu6 freq_Hz delta_10ms
1017600 0
1209600 0
1401600 0
1689600 0
1958400 0
2246400 111
2438400 28
2649600 32
2841600 45
3072000 52
3283200 45
3513600 46
3801600 907
4089600 538
4204800 116
4320000 617
--- cpu7 freq_Hz delta_10ms
1017600 0
1209600 0
1401600 0
1689600 0
1958400 0
2246400 111
2438400 28
2649600 32
2841600 45
3072000 52
3283200 45
3513600 47
3801600 906
4089600 537
4204800 116
4320000 618
gpu_freqs: 1100000000 1050000000 967000000 900000000 832000000 734000000 660000000 607000000 525000000 443000000 389000000 342000000 222000000 160000000
gpu_clock_stats_delta: 0 0 0 0 0 0 14693751 0 0 0 0 0 0 0
