POLL t=10.3 tick=377
8333333
403467512653740	403467525475875	403467512994001
403467541056709	403467558342282	403467541353428
403467541380772	403467566560146	403467541450303
403467570486501	403467582997125	403467570777126
403467599005772	403467615863480	403467599332438
403467599252647	403467624079209	403467599336240
403467631688532	403467648730094	403467631965303
403467632580615	403467656947959	403467632875928
403467660787490	403467673381709	403467661097282
403467691136344	403467706249156	403467691440459
403467691320876	403467714465042	403467691443897
403467719909313	403467730899209	403467720218740
403467750095615	403467763763375	403467750403844
403467750325303	403467771978583	403467750409938
403467782955303	403467796627594	403467783241657
403467783719313	403467804842125	403467784012126
403467812914938	403467829487802	403467813316396
403467842327594	403467854132178	403467842586865
403467842666657	403467862347073	403467842770303
403467872279521	403467886991552	403467872561084
403467901178740	403467911639157	403467901476709
403467901418376	403467919853948	403467901483063
403467931283740	403467944499625	403467931584469
403467960584313	403467977359104	403467960872021
403467961009782	403467985573271	403467961096240
403467989405146	403468002001969	403467989687803
403468018122751	403468034859625	403468018526396
403468018313844	403468043073792	403468018530459
403468047292178	403468059504990	403468047581813
403468076391969	403468092368688	403468076712282
403468076647021	403468100583635	403468076716865
403468105117907	403468117016188	403468105399209
403468134009209	403468149881188	403468134309053
403468134268740	403468158096969	403468134372178
403468162770615	403468174528011	403468163044053
403468191388844	403468207391604	403468191679469
403468191557021	403468215607803	403468191689678
403468220377021	403468232040510	403468220674053
403468251147125	403468264907281	403468251449521
403468251381969	403468273124990	403468251452959
403468279510719	403468297772698	403468279822125
403468310538740	403468322420667	403468310857282
403468310770563	403468330636344	403468310863115
403468338780615	403468355283844	403468339080303
403468371412282	403468388146240	403468371741553
403468371666553	403468396363531	403468371749053
403468399259157	403468412796708	403468399530459
403468427439313	403468445662802	403468427741032
403468427714834	403468453880406	403468427816032
403468457075927	403468470314938	403468457434782
403468485285875	403468503179729	403468485607125
403468485512021	403468511396864	403468485611552
403468515392802	403468527828115	403468515682959
403468544116552	403468560689729	403468544443271
403468544331188	403468568906031	403468544448896
403468573387750	403468585337333	403468573687646
403468601736709	403468618200302	403468602023740
403468602023584	403468626416604	403468602129938
403468630895146	403468642849885	403468631195250
403468660691709	403468675713063	403468661009834
403468660915875	403468683928896	403468661013271
403468688634000	403468700360302	403468688926709
403468717827438	403468733220198	403468718138532
403468718024521	403468741435719	403468718144052
403468746541084	403468757864885	403468746838688
403468775236344	403468790724729	403468775555094
403468775410146	403468798939781	403468775558896
403468803219052	403468815369573	403468803517021
403468832530875	403468848229625	403468832842177
403468832758740	403468856446239	403468832845771
403468861330250	403468872879052	403468861616344
403468889618740	403468905736135	403468889862177
403468889947125	403468913952490	403468890008740
403468918926031	403468930383479	403468919214938
403468947100771	403468963246291	403468947402959
403468947263375	403468971463583	403468947409313
403468979272750	403468996114729	403468979570563
403468980663115	403469004331865	403468980951031
403469007794052	403469020764000	403469008086865
403469036582802	403469053627437	403469036901240
403469036875094	403469061844520	403469036963063
403469065356865	403469078276395	403469065638844
403469094408531	403469111138427	403469094721656
403469094636813	403469119352020	403469094725406
403469122778740	403469135782333	403469123050094
403469152354781	403469168641760	403469152577802
403469152633219	403469176856291	403469152720615
403469180786396	403469193286604	403469181084677
403469209916969	403469226148843	403469210211813
403469210231031	403469234365666	403469210302125
403469240242646	403469250799156	403469240524938
403469269942021	403469283667229	403469270271396
403469270198531	403469291884052	403469270272177
403469300402958	403469316534677	403469300693375
403469330454781	403469341186396	403469330846083
403469330647802	403469349402854	403469330849781
403469360874625	403469374050562	403469361171500
403469391713427	403469406915510	403469391996552
403469392057802	403469415131656	403469392153115
403469421865771	403469439780562	403469422136344
403469452135615	403469464427645	403469452446500
403469452436552	403469472644416	403469452523896
403469482964625	403469497296760	403469483263427
403469513692333	403469530160718	403469513972750
403469514071396	403469538376917	403469514155094
403469544260927	403469554807958	403469544541240
403469574231500	403469587667593	403469574548583
403469574472177	403469595882177	403469574549208
403469603786187	403469620529208	403469604089052
403469634724781	403469653385926	403469635037333
403469634981500	403469661600770	403469635040875
403469664640771	403469678030510	403469664953427
403469694095458	403469710888739	403469694387333
403469694255927	403469719104728	403469694390771
403469723712646	403469735534937	403469724072177
403469753917021	403469768394729	403469754202333
403469754231396	403469776608896	403469754285771
403469783909208	403469801250405	403469784211083
403469812862594	403469825895770	403469813169312
403469813060458	403469834110874	403469813173531
403469841116500	403469858757593	403469841412646
403469869914625	403469883403843	403469870210146
403469870089052	403469891619521	403469870215406
403469898558271	403469916266448	403469898844000
403469927578219	403469940914989	403469927887646
403469927859521	403469949132125	403469927954208
403469956739989	403469973783427	403469957032646

POLL t=21.5 tick=729
8333333
403478551403111	403478567470038	403478551688580
403478596535767	403478608551808	403478597009986
403478597158997	403478616767225	403478597245403
403478627178528	403478641414725	403478627444309
403478655290299	403478666065194	403478655476184
403478655673111	403478674280819	403478655781080
403478672356965	403478682498319	403478672746236
403478719159517	403478731794048	403478719443215
403478719619674	403478740011496	403478719723684
403478749701861	403478764660142	403478750022746
403478777433424	403478789309725	403478777729049
403478777849205	403478797527537	403478777957642
403478794469361	403478805744152	403478794880299
403478840283840	403478855047173	403478840547955
403478840680611	403478863263944	403478840792017
403478870454621	403478887915818	403478870720871
403478898097486	403478912563580	403478898549153
403478898485559	403478920779985	403478898549517
403478915090611	403478928996079	403478915504309
403478961282486	403478978291548	403478961554465
403478961652330	403478986507173	403478961748580
403478991779205	403479002937537	403478992039934
403479019239465	403479035802694	403479019520923
403479019653528	403479044019673	403479019723528
403479036310559	403479052236391	403479036528996
403479082279517	403479093316809	403479082580298
403479082670298	403479101532433	403479082786861
403479111888840	403479126183163	403479112085923
403479140935142	403479150835715	403479141259048
403479141375090	403479159054048	403479141471028
403479157977330	403479175487329	403479158377903
403479201258580	403479216571183	403479201695611
403479225904830	403479241221288	403479226233684
403479226439517	403479249437902	403479226548892
403479243109465	403479257654986	403479243489205
403479288891496	403479306959100	403479289166080
403479289253423	403479315178215	403479289362798
403479320166236	403479331615819	403479320484777
403479348560090	403479364491027	403479348857955
403479348975611	403479372710194	403479349070402
403479365537434	403479380927590	403479365921809
403479406781392	403479422014829	403479407091705
403479407213267	403479430235141	403479407321027
403479436100767	403479446671131	403479436229934
403479440492173	403479454890037	403479440871861
403479472017434	403479487762694	403479472133059
403479499984986	403479512418475	403479500211236
403479500462017	403479520636288	403479500534309
403479517049830	403479528856131	403479517441080
403479562894361	403479578168735	403479563172434
403479563301704	403479586387797	403479563412434
403479593556079	403479611042016	403479593746965
403479620564152	403479635692538	403479620881809
403479621055142	403479643910246	403479621170454
403479637724048	403479652127537	403479638098267
403479683493059	403479701420922	403479683769934
403479683986548	403479709635714	403479684101861
403479715090090	403479726067433	403479715274673
403479742253736	403479758933787	403479742560923
403479742606027	403479767153527	403479742704986
403479759502434	403479775372850	403479759900298
403479805098267	403479816462954	403479805564152
403479805697798	403479824679620	403479805811548
403479835211548	403479849330558	403479835509361
403479863774465	403479873982641	403479864088423
403479864092434	403479882200766	403479864214465
403479880807329	403479898636495	403479881206027
403479927183840	403479939718683	403479927466965
403479951828892	403479964368162	403479952121652
403479952194361	403479972584516	403479952285298
403479981891861	403479997238214	403479982165402
403479985521652	403480005455923	403479985820558
403480016859986	403480030107641	403480017150090
403480018827277	403480038324465	403480019132433
403480047761340	403480062971600	403480048070142
403480052121965	403480071187381	403480052406652
403480084230715	403480095837224	403480084531027
403480109074673	403480120484829	403480109502173
403480136385090	403480153350506	403480136707798
403480136826079	403480161567329	403480136924361
403480153408058	403480169785402	403480153955767
403480196137329	403480210875298	403480196348996
403480220117485	403480235519516	403480220388892
403480220506235	403480243735037	403480220601496
403480237136079	403480251951131	403480237550558
403480275180923	403480293035974	403480275481392
403480303914829	403480317687589	403480304185715
403480304324360	403480325904725	403480304431496
403480321148215	403480334120714	403480321440715
403480358352121	403480375196496	403480358642433
403480383826808	403480399842016	403480384108371
403480384328579	403480408058578	403480384425454
403480400855142	403480416274829	403480401101183
403480436055402	403480449139047	403480436359777
403480463412954	403480473787172	403480463694985
403480463906392	403480482003527	403480464039465
403480480568423	403480498435767	403480480959204
403480497181808	403480514869151	403480497558110
403480528165767	403480539520818	403480528449829
403480532955298	403480547737849	403480533254048
403480547330090	403480564172016	403480547725558
403480580403840	403480597038371	403480580689204
403480608883423	403480621691392	403480609202329
403480609277485	403480629908371	403480609669048
403480626053996	403480638125714	403480626445089
403480668910142	403480687429881	403480669210558
403480695293579	403480712081599	403480695580454
403480695827485	403480720298318	403480695896339
403480712556860	403480728514151	403480713230089
403480755702954	403480769598006	403480755995871
403480756163527	403480777816495	403480756262433
403480772823058	403480786035922	403480773234829
403480837294621	403480851763526	403480837579621
403480881898683	403480892844047	403480882202954
403480882321079	403480901062329	403480882424933
403480898960558	403480909280037	403480899395141
403480915608891	403480925715037	403480915989048
403480932366964	403480950363839	403480932729360
403480976422485	403480991446547	403480976714829
403480976868371	403480999663891	403480976949048
403480993541235	403481007879568	403480993937329
403481010180141	403481024314516	403481010530923
403481026771860	403481040748682	403481027139621
403481057351652	403481073612797	403481057663735
403481060188891	403481081829568	403481060440923
403481099508735	403481114697536	403481099818735
403481100074673	9223372036854775807	403481100191235

POLL t=32.6 tick=956
8333333
403489900520867	403489914096752	403489900807326
403489900910867	403489922312742	403489901000607
403489939302638	403489955177846	403489939562013
403489939666701	403489963394513	403489939810555
403489956280919	403489971610763	403489956676961
403489989761023	403490004481336	403489990016076
403489990175086	403490012698471	403489990271648
403490006845919	403490020916388	403490007235138
403490023482638	403490037350450	403490023860450
403490061302742	403490078433783	403490061623575
403490089895711	403490103084877	403490090196700
403490090323263	403490111302169	403490090412742
403490106939200	403490119518679	403490107370138
403490123611857	403490135951544	403490123989982
403490140329825	403490152383158	403490140705711
403490179382273	403490193464200	403490179477013
403490207551805	403490218112638	403490207833367
403490207983107	403490226328523	403490208077013
403490224557742	403490242757585	403490225007586
403490241247482	403490259187533	403490241612482
403490275480919	403490292050763	403490275887586
403490276073055	403490300267273	403490276167013
403490292462430	403490308484877	403490293019044
403490324857169	403490341353887	403490325130763
403490325917482	403490349570659	403490326264982
403490342561388	403490357786752	403490342985294
403490375220398	403490390648158	403490375657325
403490375912013	403490398863783	403490376029357
403490392667169	403490407079929	403490393081805
403490425081700	403490439946492	403490425353419
403490426053836	403490448164304	403490426360450
403490442670763	403490456382273	403490443052794
403490475349982	403490489246439	403490475847429
403490476097117	403490497462012	403490476211232
403490492705919	403490505677845	403490493103888
403490509385763	403490522110658	403490509773575
403490546482013	403490563192117	403490546587638
403490574458107	403490587837117	403490575090450
403490574794304	403490596052637	403490575094357
403490591445138	403490604268523	403490591831804
403490608176232	403490620701126	403490608544825
403490641878523	403490653566127	403490642184929
403490642210554	403490661783210	403490642335294
403490658889304	403490669999721	403490659287169
403490675542898	403490686433054	403490675945450
403490713419044	403490727513262	403490713505711
403490713729200	403490735731075	403490713800242
403490744279825	403490760383210	403490744516544
403490747130086	403490768598627	403490747411856
403490763765138	403490776814512	403490764154981
403490798497950	403490809679044	403490798776544
403490798851075	403490817895606	403490798960450
403490829227638	403490842546283	403490829540294
403490832205138	403490850765450	403490832485450
403490848845919	403490858984981	403490849223679
403490865562013	403490875420918	403490865952481
403490899430138	403490916508992	403490899697013
403490899863731	403490924727950	403490899908731
403490916409513	403490932946544	403490916812325
403490933114513	403490949382794	403490933487481
403490970309825	403490982250814	403490970352013
403490997847481	403491015121908	403490998108263
403490998444669	403491023342377	403490998827638
403491015063679	403491031560762	403491015950450
403491061478419	403491072648783	403491061761231
403491087156856	403491105520658	403491087437638
403491087521544	403491113738523	403491087632638
403491118554981	403491130172845	403491118894773
403491120960138	403491138391387	403491121267950
403491150916179	403491163042272	403491151200398
403491180222950	403491195911439	403491180688419
403491180679513	403491204129147	403491180775763
403491197232273	403491212347221	403491197621960
403491239453263	403491253427064	403491239725294
403491264797585	403491278078627	403491265104200
403491292458106	403491302731804	403491292730606
403491292865606	403491310949096	403491292968210
403491309585710	403491327381908	403491309997794
403491356216700	403491368472897	403491356477012
403491382065398	403491393122741	403491382497794
403491382297637	403491401339668	403491382503835
403491411408731	403491425994929	403491411727169
403491415703210	403491434213627	403491415983210
403491448292273	403491458869200	403491448560606
403491475905085	403491491738887	403491476306960
403491476250710	403491499956335	403491476319460
403491493027637	403491508173366	403491493266856
403491538648210	403491549256439	403491538919617
403491564644200	403491582123262	403491564938106
403491564856544	403491590339512	403491564944981
403491595504669	403491606772845	403491595831960
403491598292273	403491614991179	403491599470398
403491629811387	403491647862949	403491630096335
403491631894669	403491656080397	403491632179044
403491661872012	403491672515502	403491662162794
403491692900606	403491705385501	403491693219356
403491693370242	403491713602793	403491693456700
403491709993106	403491721821700	403491710397325
403491762183054	403491779344356	403491762463575
403491788860919	403491803998522	403491789169825
403491789063887	403491812215137	403491789173523
403491819489200	403491836863939	403491819828262
403491822494825	403491845077897	403491822792950
403491853289981	403491869723991	403491853582325
403491855846648	403491877940084	403491856122637
403491887437637	403491902586752	403491887761856
403491889285554	403491910803210	403491889615762
403491919567950	403491935452846	403491919866544
403491948792012	403491960104356	403491949077950
403491949133991	403491968320293	403491949226544
403491965902116	403491976536387	403491966309044
403492010748210	403492025833834	403492011019981
403492036157950	403492050483678	403492036474356
403492036404304	403492058699512	403492036478418
403492070386804	403492083346491	403492070528523
403492071000606	403492091563053	403492071334981
403492087653731	403492099779563	403492088066700
403492136598054	403492149079459	403492136905450
403492136920606	403492157296543	403492137006179
403492168136491	403492181947897	403492168402012
403492170158887	403492190164824	403492170459304
403492201374460	403492214813522	403492201667429
403492203671023	403492223029564	403492203990450
403492233887950	403492247681387	403492234182793
403492262807116	403492280549355	403492263102950
403492263218523	403492288767115	403492263310137
403492279944304	403492296984981	403492280347793

POLL t=43.8 tick=1315
8333333
403501111203832	403501121579040	403501111589353
403501154098988	403501170887581	403501154377946
403501154511175	403501179107008	403501154644978
403501171162634	403501187326227	403501171386696
403501214150446	403501228418727	403501214434352
403501214498102	403501236636123	403501214602790
403501231183727	403501244853779	403501231573102
403501273850238	403501285940758	403501274133259
403501274235707	403501294159456	403501274338988
403501290936644	403501302377946	403501291324925
403501333978102	403501351681644	403501334257165
403501334358363	403501359900237	403501334459300
403501351109925	403501368118831	403501351947425
403501393990134	403501409208154	403501394262321
403501394408259	403501417424612	403501394505863
403501411057165	403501425640914	403501411428727
403501453836019	403501466726904	403501454117113
403501454315915	403501474944456	403501454396384
403501470982477	403501483161696	403501471395446
403501512510290	403501524251592	403501512673832
403501537267321	403501548906071	403501537567165
403501537661332	403501557125446	403501537781488
403501554346957	403501565345237	403501554758675
403501597618988	403501614651852	403501597900706
403501598101540	403501622871018	403501598195706
403501614918727	403501631090758	403501615069613
403501658477165	403501672182112	403501658544977
403501684469665	403501696840028	403501684767946
403501684995290	403501705057529	403501685077113
403501701529509	403501713275706	403501701941227
403501746990550	403501762581539	403501747255134
403501747370446	403501770798467	403501747467321
403501764099821	403501779014664	403501764486696
403501803703102	403501820090028	403501803993519
403501804124821	403501828305237	403501804207946
403501820747790	403501836522060	403501820972946
403501837434977	403501852955341	403501837804352
403501854140446	403501869387321	403501854495446
403501870770758	403501885816331	403501871139352
403501887441696	403501902247633	403501887827425
403501904146175	403501918680133	403501904552008
403501920851696	403501935112790	403501921212633
403501937489769	403501951545914	403501937840706
403501954106227	403501967980758	403501954465446
403501970794456	403501984415549	403501971158102
403501987457477	403502000848779	403501987840446
403502004351540	403502017284351	403502004726383
403502020821852	403502033717424	403502021182165
403502037470290	403502050150289	403502037833102
403502054090394	403502066583102	403502054470915
403502070969821	403502083015810	403502071215446
403502087527790	403502099448883	403502087864040
403502104280758	403502115880498	403502104549821
403502120875602	403502132313519	403502121161071
403502137431383	403502148747841	403502137794196
403502154146227	403502165182529	403502154503675
403502170883883	403502181617112	403502171281696
403502187452477	403502198052633	403502187846800
403502204255446	403502214486799	403502204621227
403502220824821	403502239138726	403502221187946
403502237485758	403502255574247	403502237868831
403502254126331	403502272008831	403502254502008
403502270801696	403502288441122	403502271166852
403502287457477	403502304873101	403502287823102
403502304142477	403502321304560	403502304509300
403502320753258	403502337738883	403502321150133
403502337426540	403502354172581	403502337857165
403502354089612	403502370607790	403502354482321
403502370908727	403502387042737	403502371288362
403502387501852	403502403477581	403502387891852
403502404194665	403502419911331	403502404567321
403502420789821	403502436345446	403502421155602
403502437488258	403502452782008	403502437832425
403502454155602	403502469216123	403502454528571
403502470834300	403502485651747	403502471194925
403502487454821	403502502087424	403502487815133
403502504157321	403502518524352	403502504515289
403502520823258	403502534959612	403502521184977
403502537498675	403502551395810	403502537885446
403502554174352	403502567830810	403502554532633
403502582991539	403502600698258	403502583273362
403502587409664	403502608915654	403502587670862
403502627655081	403502641782111	403502627939612
403502628112321	403502649999143	403502628166175
403502655934977	403502666434403	403502656229300
403502683513987	403502699300080	403502683818987
403502683889925	403502707516278	403502683982633
403502712924977	403502723949351	403502713200446
403502717219196	403502732165914	403502717576696
403502733967477	403502748602633	403502734351487
403502767366696	403502781474872	403502767636487
403502793493727	403502806128882	403502793787789
403502793870706	403502814347841	403502793958102
403502838503831	403502855439403	403502838911071
403502838720602	403502863657945	403502838927946
403502877028675	403502888311591	403502877310914
403502877368414	403502896529612	403502877459300
403502915574508	403502929400601	403502915870706
403502915833414	403502937618987	403502915880446
403502954448987	403502970487268	403502954728675
403502954709456	403502978705081	403502954811487
403502995903518	403503011576018	403502996188675
403502996215602	403503019794299	403502996330289
403503035137321	403503052665757	403503035394821
403503035390914	403503060885029	403503035737789
403503075545914	403503085542373	403503075845862
403503075865758	403503093760550	403503075961956
403503113404664	403503126630028	403503113698414
403503113707425	403503134847997	403503113785081
403503153191695	403503167717997	403503153508414
403503153432789	403503175934039	403503153512477
403503188398570	403503200581590	403503188699508
403503188586070	403503208797684	403503188713258
403503225488414	403503241662268	403503225720289
403503225787789	403503249877580	403503225892164
403503262242008	403503274521330	403503262542633
403503262429925	403503282736226	403503262553362
403503298835758	403503315596591	403503299152477
403503299084300	403503323811017	403503299156331
403503336195550	403503348453935	403503336597633
403503336357268	403503356668622	403503336600602
403503373465237	403503389525185	403503373797945
403503373652633	403503397739768	403503373807633
403503411143206	403503422383413	403503411448050
403503411335237	403503430598831	403503411452008
403503448714508	403503463462841	403503449032008
403503448965081	403503471678413	403503449038050

POLL t=55.0 tick=1608
8333333
403512495939348	403512510285389	403512496306379
403512512594192	403512534934139	403512521063567
403512543667473	403512559581692	403512543825598
403512546038202	403512567798202	403512546317786
403512562622004	403512576014087	403512563037317
403512579277161	403512592444713	403512579657473
403512595890911	403512608877108	403512596275129
403512612612734	403512625310858	403512612999348
403512629265129	403512641745077	403512629645286
403512645879504	403512658178826	403512646258515
403512662557942	403512674613775	403512662984973
403512679256536	403512691049348	403512679649973
403512695923984	403512723921536	403512706624452
403512727482786	403512740358514	403512727768723
403512729290598	403512748576587	403512729619348
403512745951015	403512756795598	403512746357786
403512762629608	403512781448827	403512762993879
403512779258254	403512797882629	403512779663098
403512795927317	403512814322056	403512796288098
403512812576067	403512830759817	403512812957733
403512829236223	403512847194661	403512829635754
403512845938254	403512863629139	403512846324348
403512862627161	403512880065129	403512863009452
403512879247786	403512896500024	403512884067108
403512909263723	403512921152889	403512909403254
403512912824661	403512929370858	403512913670754
403512929634140	403512945807629	403512930034661
403512946249661	403512962243358	403512946629765
403512962871796	403512978676326	403512963242577
403512979567733	403512995110180	403512979946379
403512996431535	403513011545389	403512996792733
403513013020858	403513027978826	403513013392317
403513029661692	403513052631171	403513035146692
403513059536692	403513077285858	403513059852942
403513062953827	403513085503879	403513063242785
403513079616223	403513093722681	403513080060129
403513096293254	403513110159243	403513096691535
403513112985754	403513126597003	403513113407004
403513129612004	403513143036483	403513129994035
403513146274452	403513159475285	403513146655285
403513162949608	403513175909973	403513163367733
403513179663671	403513192345545	403513180094035
403513196267160	403513208779400	403513196657577
403513212919192	403513225212003	403513215015598
403513242706379	403513258076431	403513242899504
403513246440546	403513266292785	403513246737160
403513262990754	403513274509712	403513263446223
403513279613098	403513290942212	403513280005702
403513296235129	403513307374920	403513296638254
403513312954817	403513323806848	403513313357577
403513329630442	403513340237942	403513330013567
403513346252785	403513356673253	403513346644348
403513362907160	403513373108150	403513363300858
403513379615858	403513397755285	403513380079660
403513396264504	403513414186066	403513401751952
403513426623879	403513438835128	403513426922421
403513429653254	403513447051222	403513429945389
403513446278254	403513463486847	403513446684192
403513462979817	403513479921639	403513463360285
403513479645077	403513496358878	403513480086171
403513496295754	403513512796952	403513496673098
403513513050442	403513529233723	403513513464504
403513529645077	403513545672055	403513530056952
403513546327160	403513562109191	403513546728410
403513562969348	403513578545910	403513563348879
403513579601535	403513594982264	403513582152421
403513609293254	403513619635128	403513609485754
403513612983879	403513627853254	403513613403202
403513629656848	403513644289504	403513630078879
403513646286014	403513660724556	403513646691691
403513662952160	403513677164452	403513663332577
403513679636223	403513693601222	403513680053723
403513696306171	403513710037003	403513696686848
403513712992473	403513726471222	403513713378566
403513729641691	403513742906326	403513730017108
403513746327889	403513759341743	403513746687941
403513762978046	403513775775754	403513763080129
403513794104816	403513808640545	403513794421171
403513796290129	403513816857108	403513796671171
403513813023723	403513825074243	403513813426379
403513829712473	403513841506899	403513830081535
403513846427316	403513857942941	403513846792941
403513863098566	403513874377003	403513863468098
403513879706639	403513890812837	403513880091639
403513896402629	403513907249556	403513896787160
403513913124348	403513923686327	403513913510858
403513929739504	403513948335754	403513930111379
403513946353410	403513964770493	403513950905598
403513977396327	403513989422055	403513977665285
403513980245285	403513997640233	403513980505546
403513996374504	403514014073462	403513996783514
403514013028098	403514030507473	403514013409035
403514029724452	403514046940546	403514030157629
403514046392941	403514063372941	403514046783098
403514063094660	403514079803983	403514063514191
403514079912316	403514096235962	403514080307785
403514096386170	403514112670389	403514096754920
403514113079295	403514137322316	403514123997160
403514145118983	403514161972576	403514145410858
403514146515910	403514170188931	403514146827473
403514163062889	403514178406639	403514163479764
403514179759504	403514194841587	403514180136066
403514196363879	403514211275076	403514196756691
403514213076795	403514227706951	403514213453514
403514229752473	403514244139660	403514230119035
403514246368098	403514260571899	403514246759973
403514263075754	403514277005493	403514263467733
403514279760077	403514293437889	403514280137472
403514296358879	403514326299659	403514308340597
403514327496327	403514342732264	403514327821691
403514329755910	403514350948410	403514330052629
403514346336847	403514359163670	403514346804816
403514363028827	403514375595753	403514363396379
403514379725858	403514392030857	403514380099920
403514396365441	403514408468618	403514396740910
403514413005129	403514424902784	403514413377004
403514429684035	403514441336431	403514430063097
403514446383254	403514457770440	403514446773254
403514463068410	403514474202628	403514463424660
403514479671066	403514498853930	403514484800910
403514509234504	403514523502629	403514509544191
403514513053566	403514531718305	403514513336691
403514529724816	403514539935284	403514530124764
403514546417785	403514564582003	403514546802629
403514563014660	403514581013514	403514563393722
403514579711327	403514597443253	403514580137420
403514596338254	9223372036854775807	403514596712733

POLL t=66.1 tick=1699
8333333
403523700196063	403523717234969	403523700494656
403523716859813	403523733665489	403523717248354
403523733503198	403523750096635	403523733877938
403523750224969	403523766529188	403523750587417
403523766885594	403523782957261	403523767259969
403523783545125	403523807602781	403523792452261
403523818253719	403523832248719	403523818622625
403523818512625	403523840464864	403523818659969
403523835099969	403523848678770	403523835543667
403523851760750	403523865108979	403523852150906
403523868487313	403523881539656	403523868857625
403523885149344	403523897970854	403523885566323
403523901831063	403523914402885	403523902202781
403523918542625	403523939051478	403523924842938
403523952475438	403523963698926	403523952975125
403523952648719	403523971913979	403523953006479
403523969334188	403523980128667	403523969751688
403523985989031	403523996559916	403523986362781
403524002713250	403524012990020	403524003074969
403524019374969	403524037635854	403524019746063
403524036172625	403524054065489	403524036432313
403524052728875	403524070496792	403524058432000
403524086310906	403524103360801	403524086640594
403524086472729	403524111577103	403524086646219
403524103229812	403524119792729	403524103724917
403524119846010	403524136226010	403524120230281
403524136521531	403524152656687	403524136904656
403524153169187	403524169088927	403524153549917
403524169836948	403524185521635	403524170218198
403524186491687	403524201954708	403524190236635
403524220700750	403524234819552	403524221056792
403524220841219	403524243037052	403524221066479
403524237541375	403524251254031	403524238016062
403524254224500	403524267687625	403524254642156
403524270915229	403524284119448	403524271289500
403524287583510	403524300548197	403524287951531
403524304254656	403524316980177	403524304630073
403524320946010	403524341626896	403524325804812
403524355485281	403524374487469	403524356159448
403524355873406	403524382701896	403524356163667
403524372443875	403524390916478	403524372874031
403524389053198	403524407347051	403524389495542
403524405743875	403524423777469	403524406128354
403524422414031	403524440209447	403524422843250
403524439040437	403524456642833	403524439436687
403524455747104	403524481295646	403524464014344
403524491966687	403524505944291	403524492364760
403524492488823	403524514160958	403524492653198
403524509194812	403524522375958	403524509631635
403524525826844	403524538808406	403524526203042
403524542516635	403524555237468	403524542887781
403524559192000	403524571669135	403524559553719
403524575868875	403524588097000	403524576253198
403524592519500	403524612740020	403524599721062
403524636364916	403524653813823	403524636728354
403524636532156	403524662029187	403524636752312
403524653209656	403524670242884	403524653645750
403524669894656	403524686671635	403524670442781
403524686560750	403524703104187	403524686950906
403524703303250	403524719539395	403524703688979
403524719888719	403524735971687	403524720283406
403524736586219	403524752402364	403524740244812
403524771056531	403524785267312	403524771450906
403524771365125	403524793484134	403524771474500
403524787924135	403524801700697	403524788287625
403524804587625	403524818133718	403524804968666
403524821262885	403524834568093	403524821647312
403524837923875	403524851001583	403524838345229
403524854589760	403524867432884	403524855025437
403524871339187	403524892084134	403524875995593
403524905469500	403524916734656	403524905845854
403524905696531	403524924951999	403524905856323
403524922369916	403524933168718	403524922926531
403524939058718	403524949601895	403524939435541
403524955712573	403524966034134	403524956100906
403524972417104	403524990684760	403524972796062
403524989115698	403525007121322	403524989477625
403525005869291	403525023555957	403525010603718
403525038630750	403525056426426	403525038975906
403525039062625	403525064642572	403525039157416
403525055756843	403525072858614	403525056377625
403525072480854	403525089287937	403525072850437
403525089178823	403525105718562	403525089561635
403525105850281	403525122148926	403525106234187
403525122479812	403525138579916	403525122853875
403525139249291	403525155008822	403525143710229
403525174393250	403525187869968	403525174699187
403525174824031	403525196086061	403525174993406
403525191410281	403525204301114	403525191804812
403525208141687	403525220729187	403525208507312
403525224744343	403525237160072	403525225127468
403525241459812	403525253592988	403525241836218
403525258127729	403525270024135	403525258491791
403525274873093	403525294667988	403525276976062
403525309336947	403525327530176	403525309651375
403525309790437	403525335744864	403525309906166
403525326333197	403525343960853	403525326772729
403525343008718	403525360394030	403525343445125
403525359695072	403525376823978	403525360076062
403525376362781	403525393253145	403525376742104
403525393024447	403525409679395	403525393479291
403525409738093	403525426106218	403525414660437
403525444812781	403525458960697	403525445133718
403525445127885	403525467175957	403525445245854
403525461746218	403525475391218	403525462137104
403525478415749	403525491817260	403525478790854
403525495090541	403525508244030	403525495461062
403525511781218	403525524673249	403525512195124
403525528430593	403525541102103	403525528797416
403525545100906	403525557530488	403525546880906
403525579854968	403525590385958	403525580237937
403525580254187	403525598600124	403525580429968
403525596696947	403525615025958	403525597098874
403525613399812	403525631454812	403525613786843
403525630083354	403525647886999	403525630461687
403525646748562	403525664319603	403525647127937
403525663414812	403525680747103	403525663850749
403525680117781	403525705389863	403525687589656
403525714970697	403525730035645	403525715322572
403525715174812	403525738250280	403525715332312
403525731856322	403525746466062	403525732348041
403525748498718	403525762895489	403525748879447
403525765186947	403525779326061	403525765561999
403525781857624	403525795756426	403525782243562
403525798545854	403525812186270	403525798936531
403525815253249	403525828615176	403525815729604
403525831930385	9223372036854775807	403525835158718

POLL t=77.4 tick=1773
8333333
403534959948246	403534973616058	403534960331058
403534976646996	403534990055017	403534977037777
403534993302725	403535006492308	403534993671840
403535009969600	403535022926578	403535010339808
403535026645277	403535047580849	403535030806840
403535061278402	403535072232464	403535061682152
403535061582256	403535080450485	403535061772152
403535078077465	403535088668558	403535078487621
403535094829600	403535113325797	403535095234444
403535111494912	403535129763194	403535111870902
403535128175277	403535146199599	403535128543662
403535144840902	403535162636474	403535145214808
403535161503662	403535187292984	403535169645277
403535194766683	403535211946631	403535195088194
403535194941371	403535220164912	403535195092621
403535211661683	403535228384443	403535212109808
403535228293246	403535244824235	403535228699756
403535245035746	403535261261734	403535245417100
403535261690069	403535277698297	403535262084287
403535278364183	403535294133766	403535278752464
403535295109339	403535310571162	403535298258558
403535331195589	403535343441943	403535331746371
403535331532881	403535351658871	403535331751527
403535348173350	403535359876474	403535348555746
403535364805381	403535376310850	403535365203714
403535381477881	403535392746318	403535381858714
403535398165121	403535409183818	403535398536683
403535414833089	403535425622464	403535415197308
403535431509964	403535450279235	403535436370746
403535467113246	403535483149756	403535467549496
403535467411787	403535491369131	403535467554808
403535485679808	403535499588245	403535486066527
403535502101527	403535516028245	403535502459964
403535518744652	403535532468298	403535519113402
403535535394600	403535548907620	403535535764600
403535552065746	403535565343402	403535552412464
403535568681944	403535598217516	403535581631371
403535585403975	403535606434131	403535585771839
403535621833558	403535639308089	403535622403089
403535622119131	403535647526839	403535622410746
403535638716527	403535655744964	403535639237464
403535655395746	403535672182881	403535655874808
403535672129652	403535688620172	403535672501371
403535688777464	403535705057829	403535689152308
403535705389964	403535721494704	403535705767152
403535722115693	403535746151474	403535729745433
403535757110589	403535770810953	403535757462256
403535757285121	403535779029651	403535757477933
403535773939027	403535787248141	403535774376683
403535790641996	403535803686161	403535791017777
403535807338037	403535820121891	403535807716527
403535824037152	403535836559495	403535824379496
403535840663246	403535852998401	403535841041058
403535857320433	403535877654235	403535860824600
403535893129131	403535910530641	403535893512152
403535893284496	403535918749443	403535893565277
403535909994131	403535926967516	403535910427568
403535926655745	403535943404599	403535927091839
403535943331943	403535959840901	403535943704183
403535960125277	403535976277672	403535960377933
403535976670902	403535992713662	403535977053350
403535993350745	403536017370381	403536003195589
403536028580433	403536042029391	403536028965433
403536028811214	403536050248766	403536028970433
403536045431214	403536058467776	403536045822412
403536062108714	403536074905537	403536062522100
403536078833662	403536091344599	403536079164443
403536095451839	403536107782359	403536095843245
403536112175745	403536124219703	403536112551995
403536128859183	403536148874912	403536134050381
403536164293245	403536181743297	403536164668558
403536164466006	403536189960068	403536164736527
403536181125850	403536198176162	403536181565537
403536197828662	403536214610954	403536198303870
403536214510589	403536231045901	403536214882620
403536231197100	403536247484183	403536231570225
403536247889652	403536263920953	403536248264027
403536264564808	403536288572776	403536275656162
403536299516370	403536313228193	403536299818402
403536299803662	403536321446735	403536299889495
403536316453870	403536329665328	403536316864808
403536333152620	403536346103662	403536333546527
403536349823402	403536362544286	403536350186214
403536366516631	403536378981318	403536366887933
403536383184339	403536395420224	403536383560537
403536399841839	403536420077360	403536403011683
403536432510433	403536444732308	403536432866527
403536433062933	403536452951057	403536433199756
403536449858818	403536461169651	403536450341527
403536466525902	403536477606214	403536466908245
403536483202724	403536494043089	403536483620277
403536499861214	403536518700224	403536500232464
403536516503245	403536535137099	403536516887933
403536533233245	403536559790797	403536542098193
403536570268506	403536584445484	403536570625901
403536570863714	403536592662411	403536571026683
403536587452776	403536600880848	403536587870276
403536604219756	403536617317671	403536604591943
403536620808818	403536633755328	403536621185120
403536637520068	403536650189338	403536637893245
403536654169026	403536666623713	403536654549912
403536670983714	403536691274494	403536676624808
403536707446058	403536724142828	403536707845224
403536708246995	403536732362047	403536708706943
403536724768245	403536740581630	403536725214339
403536741417308	403536757018192	403536741817776
403536758153662	403536773454703	403536758529495
403536774779026	403536789890797	403536775153714
403536791469756	403536806327516	403536791840537
403536808153974	403536830979963	403536813616526
403536844303401	403536855634807	403536844834495
403536844992620	403536863853453	403536845162776
403536861224495	403536872071318	403536861655901
403536877829599	403536888504963	403536878211839
403536894550901	403536904939859	403536894929183
403536911213349	403536929592151	403536911586683
403536927889026	403536946027672	403536928259964
403536944555120	403536962463766	403536951651058
403536980493245	403536995335328	403536980832464
403536980722308	403537003553349	403536980846214
403536997317880	403537011771369	403536997715380
403537014021683	403537028207151	403537014389183
403537030658089	403537044644391	403537031048349
403537047368037	403537061080119	403537047741214
403537064097724	403537077515484	403537064441839
403537080781787	403537102167411	403537084303558
403537116733349	9223372036854775807	403537117195849

POLL t=88.6 tick=1846
8333333
403546246019960	403546263884231	403546246386471
403546262680585	403546280317824	403546263068554
403546279341835	403546296749023	403546279706679
403546296060585	403546313183814	403546298570429
403546340516523	403546354266731	403546340829804
403546340645273	403546362484439	403546340867148
403546357393554	403546370701783	403546357784908
403546374023502	403546387135688	403546374406210
403546390740064	403546403571158	403546391110585
403546407401939	403546420008658	403546407791627
403546424079127	403546452879231	403546438016210
403546440727148	403546461096835	403546441118033
403546475423398	403546493969230	403546475772096
403546475661366	403546502186887	403546475813554
403546492287929	403546510405898	403546493513189
403546510247773	403546526842721	403546510637460
403546526659023	403546543275481	403546527039179
403546543299023	403546559708605	403546543688085
403546559999648	403546576144751	403546560378189
403546576693710	403546600795273	403546583980898
403546611888866	403546625451522	403546612247460
403546612158658	403546633671105	403546612255898
403546628710116	403546641889647	403546629110585
403546645435741	403546658325897	403546645837773
403546662115273	403546674761054	403546662520273
403546678755533	403546691197511	403546679155221
403546695444023	403546724067251	403546708807929
403546712209752	403546732284439	403546712572564
403546747517460	403546765151782	403546747843710
403546747732616	403546773368449	403546747844179
403546764345898	403546781584699	403546764790064
403546781083085	403546798017720	403546781483658
403546797752304	403546814451158	403546798136939
403546814424752	403546830885793	403546814805741
403546831089335	403546855539127	403546844184648
403546847818554	403546863755376	403546848133710
403546884954179	403546896622876	403546885580429
403546885288189	403546904839543	403546885607773
403546901929335	403546913055637	403546902368710
403546918603866	403546929488813	403546919056158
403546935270429	403546945921574	403546935644283
403546951936002	403546970573189	403546952308710
403546968599179	403546987008553	403546968971679
403546985273710	403547003443762	403546988670273
403547020672148	403547036314804	403547021115585
403547020924804	403547044529908	403547021121679
403547037515429	403547052745949	403547038022252
403547054165897	403547069178501	403547054561991
403547070870429	403547085613085	403547071246366
403547087529491	403547102046105	403547087919179
403547104200585	403547118479490	403547104581679
403547120868554	403547134910845	403547124054595
403547156339022	403547167769491	403547156835585
403547156728189	403547175983136	403547156852877
403547173316054	403547184197667	403547173765741
403547190002720	403547200625637	403547190390116
403547206740533	403547217055376	403547207109179
403547223386366	403547241699804	403547223773241
403547240059022	403547258128709	403547240405116
403547256714179	403547274558710	403547260602147
403547292346054	403547307421054	403547292793033
403547292676991	403547315636991	403547292799022
403547309309439	403547323853814	403547309749439
403547325947877	403547340286679	403547326344647
403547342646470	403547356718032	403547343015741
403547359306835	403547373150272	403547359693710
403547375978502	403547389584439	403547376347147
403547392723866	403547406016418	403547393156835
403547409335845	403547422443449	403547412811054
403547441173085	403547455301730	403547441522408
403547442544335	403547463516314	403547442898241
403547459276158	403547471730272	403547459883554
403547475968189	403547488156835	403547476346679
403547492675741	403547504587355	403547493046991
403547509359804	403547521017928	403547509736470
403547526021939	403547537446783	403547526391835
403547542772460	403547562090584	403547544591522
403547573133710	403547586734751	403547573622460
403547576191835	403547594950272	403547576513085
403547592679179	403547603165272	403547593077616
403547609379960	403547627809803	403547609754335
403547626014908	403547644239386	403547626421991
403547642690272	403547660671626	403547643077460
403547659359804	403547685314594	403547672192772
403547676194335	403547693530428	403547676556210
403547707694283	403547718176470	403547708000741
403547709408241	403547726392355	403547709743241
403547726022564	403547742824386	403547726408397
403547742724022	403547759255845	403547743096470
403547759449595	403547775688188	403547759828814
403547776071158	403547792120740	403547776409439
403547792771678	403547816769439	403547799555585
403547826438553	403547841418970	403547826753241
403547826878241	403547849636626	403547827007564
403547843383658	403547857853345	403547843798553
403547860139491	403547874286574	403547860511314
403547876804803	403547890720375	403547877165689
403547893439960	403547907151990	403547893812460
403547910073397	403547940014751	403547925092616
403547926841158	403547948229855	403547927183033
403547961687720	403547972879490	403547962087928
403547962256991	403547981096157	403547962428814
403547978772772	403547989313189	403547979175585
403547995486314	403548013962460	403547995880741
403548012182616	403548030398032	403548012570116
403548028835220	403548046832303	403548029216991
403548045506939	403548063266053	403548045930741
403548062187147	403548079699334	403548064393241
403548098584022	403548112568865	403548098989647
403548098974439	403548120785428	403548099106626
403548115469960	403548129001053	403548115872928
403548132234960	403548145431470	403548132633189
403548148842251	403548161863032	403548149217616
403548165508553	403548178294386	403548165882303
403548182176210	403548194724491	403548182551991
403548198839491	403548219371678	403548205921522
403548233771626	403548252229699	403548234153866
403548234170272	403548260445220	403548234275585
403548250722251	403548268660011	403548251246835
403548267380897	403548285090532	403548267978189
403548284064907	403548301522198	403548284442407
403548300766835	403548317953500	403548301144647
403548317381210	403548334384126	403548317755532
403548334121157	403548350813188	403548338392876
403548364274491	403548375462459	403548364663084
403548367486314	403548383678969	403548368731991
403548384162303	9223372036854775807	403548384557616

POLL t=99.9 tick=1920
8333333
403557508490529	403557535286465	403557508633706
403557525019175	403557543504018	403557525416623
403557541691050	403557559939851	403557542093081
403557558391206	403557576375163	403557558764331
403557575078498	403557592811361	403557575454279
403557591701779	403557609247404	403557592101362
403557608580841	403557625679018	403557615688393
403557643702300	403557658542611	403557644163758
403557643950112	403557666758549	403557644222821
403557660630112	403557674974330	403557661031518
403557677258810	403557691404591	403557677652768
403557693936362	403557707833080	403557694312143
403557710606518	403557724261622	403557710983393
403557727316675	403557740689331	403557727709643
403557744022300	403557765336414	403557747866935
403557779555893	403557798192247	403557780091987
403557779903550	403557806407039	403557780098498
403557796446675	403557814620268	403557796881675
403557813116206	403557831045945	403557813547925
403557829798550	403557847473184	403557830237143
403557846463966	403557863899434	403557846837143
403557863126779	403557880325476	403557863498185
403557879808393	403557904970893	403557888254800
403557915611362	403557929616465	403557915956987
403557915818550	403557937830216	403557915961831
403557932457143	403557946044747	403557932844904
403557949159487	403557962474643	403557949537456
403557965851987	403557978906362	403557966235581
403557982532300	403557995340112	403557982902143
403557999189122	403558011772247	403557999564747
403558015872872	403558028203341	403558018313550
403558050681831	403558069282559	403558051100268
403558050996518	403558077498601	403558051105893
403558067568081	403558085715476	403558067949331
403558084271466	403558102149695	403558084660112
403558100882247	403558118583393	403558101303862
403558117581050	403558135015789	403558117995425
403558134248706	403558151449330	403558134669956
403558150928497	403558176098185	403558159577716
403558186751935	403558200747768	403558187074487
403558186965893	403558208964747	403558187082143
403558203617404	403558217181882	403558204074435
403558220344174	403558233619330	403558220740112
403558237004487	403558250053653	403558237365737
403558253672091	403558266487351	403558254056987
403558270328237	403558282920893	403558270702299
403558287019799	403558307574903	403558290203706
403558322190112	403558340443810	403558322563706
403558322382404	403558348659591	403558322614174
403558339052768	403558356875216	403558339483549
403558355929122	403558373306309	403558356351831
403558372437456	403558389737039	403558372810268
403558389084174	403558406169746	403558389467612
403558405756362	403558422600372	403558406184435
403558422439956	403558447242090	403558430989174
403558458217560	403558471890633	403558458536674
403558458581935	403558480106830	403558458690372
403558475164799	403558488323549	403558475599331
403558491859018	403558504756570	403558492237924
403558508501362	403558521189799	403558508891622
403558525167924	403558537621101	403558525552768
403558541826310	403558554053914	403558542206935
403558558569331	403558578702403	403558561130581
403558593525216	403558611567247	403558593966049
403558593771049	403558619784747	403558593972716
403558610457612	403558628003028	403558610883862
403558627102299	403558644438497	403558627556831
403558643782403	403558660870945	403558644151362
403558660446310	403558677303288	403558660818393
403558677116153	403558693736465	403558677488549
403558693826831	403558710170163	403558699951466
403558728756987	403558743030008	403558729148862
403558729006206	403558751244695	403558729152612
403558745693810	403558759459643	403558746119591
403558762359018	403558775889070	403558762774956
403558779009435	403558792321101	403558779381466
403558795702560	403558808751310	403558796082456
403558812386153	403558825182820	403558812759174
403558829125581	403558849833496	403558833733497
403558863972143	403558882705268	403558864358080
403558864270372	403558890921986	403558864366674
403558880953497	403558899138705	403558881354643
403558897780997	403558915573861	403558898143810
403558914356622	403558932005059	403558914724330
403558930989591	403558948437195	403558931361674
403558947642924	403558964869434	403558948063862
403558964380893	403558989519070	403558975065268
403558999845424	403559014169955	403559000127455
403559000206830	403559022388496	403559000313705
403559016790685	403559030605996	403559017193393
403559033506362	403559047039903	403559033884799
403559050177247	403559063473132	403559050539903
403559066849330	403559079904799	403559067217455
403559083501935	403559096335632	403559083878549
403559100323185	403559112768236	403559102763237
403559135839799	403559153847611	403559136274122
403559136377403	403559162060997	403559136538080
403559152973705	403559170276101	403559153823705
403559169667924	403559186706518	403559170047299
403559186368549	403559203138861	403559186823185
403559203017403	403559219570632	403559203403705
403559219717924	403559236000475	403559220117768
403559236437143	403559260645632	403559244602455
403559271562768	403559285291725	403559271966830
403559271979122	403559293509017	403559272074799
403559288627612	403559301724486	403559289101778
403559305305372	403559318155528	403559305677247
403559321992455	403559334589121	403559322403080
403559338626622	403559351021829	403559338999591
403559355286674	403559367455215	403559355655893
403559371979174	403559392103341	403559375999643
403559406740372	403559424966830	403559407054018
403559407081622	403559433181622	403559407205580
403559423657299	403559441395684	403559424694643
403559440334174	403559457824746	403559440726153
403559457031466	403559474253653	403559457457872
403559473691205	403559490683079	403559474067872
403559490361361	403559507112819	403559490854330
403559507017611	403559531759486	403559520724643
403559523772716	403559539975580	403559524363861
403559558626049	403559572837298	403559558975893
403559559023184	403559581051205	403559559177768
403559575517143	403559589264226	403559575965528
403559592235580	403559605692871	403559592686361
403559608908236	403559622125163	403559609274018
403559625610424	403559638554746	403559625995736
403559642246674	403559654987819	403559642614643

POLL t=111.2 tick=2030
8333333
403568686957712	403568708866879	403568687324952
403568721896202	403568733509483	403568722245420
403568722104327	403568741722920	403568722256202
403568738752400	403568749938181	403568739159118
403568755486045	403568766366045	403568755876618
403568772188702	403568782797503	403568772554952
403568788779431	403568799227035	403568789158545
403568805481514	403568832090056	403568815583077
403568841534743	403568856737400	403568841894327
403568841920733	403568864953232	403568842026045
403568858396358	403568873169587	403568858785420
403568875069275	403568889600836	403568875491514
403568891807920	403568906031983	403568892161045
403568908463702	403568922461149	403568908850993
403568925129587	403568938893753	403568925511202
403568941833650	403568955324899	403568942413545
403568977436306	403568988187868	403568977810577
403568977642295	403568996402920	403568977865681
403568994336202	403569012833545	403568994863702
403569011025108	403569029262503	403569011400108
403569027671983	403569045692711	403569028059900
403569044331358	403569062125107	403569044756306
403569060978702	403569078554795	403569061400889
403569077645733	403569094986931	403569081697608
403569111886774	403569127853076	403569112304118
403569112111983	403569136069587	403569112311514
403569128703077	403569144285524	403569129090837
403569145394170	403569160717763	403569145777608
403569162082556	403569177147764	403569162462139
403569178731514	403569193580524	403569179125056
403569195381462	403569210010576	403569195776358
403569212077295	403569226442086	403569213443806
403569246238702	403569259303753	403569246629483
403569246398389	403569267519117	403569246706618
403569263068077	403569275734587	403569263469014
403569279749483	403569292164274	403569280216358
403569296466827	403569308593857	403569296844587
403569313126045	403569325025003	403569313507139
403569329796618	403569341454743	403569330172920
403569346478545	403569366100680	403569353709483
403569381536462	403569398960211	403569381892712
403569381771670	403569407175368	403569381908701
403569398407087	403569415390837	403569398632712
403569415110420	403569431819951	403569415563545
403569431799899	403569448251045	403569432165993
403569448461462	403569464682659	403569448841514
403569465124743	403569481115159	403569465498493
403569481815837	403569497547398	403569486660576
403569517097920	403569530411513	403569517604170
403569517328076	403569538627555	403569517608962
403569534038076	403569546844326	403569534429795
403569550702139	403569563275420	403569551067139
403569567320837	403569579706618	403569567561670
403569583978545	403569596137191	403569584364326
403569600646931	403569629000524	403569614225264
403569617376826	403569637216618	403569617764483
403569652499326	403569670081097	403569652871306
403569652654951	403569678297503	403569652931045
403569669328337	403569686512660	403569669720837
403569686010889	403569702944898	403569686464483
403569702719170	403569719377712	403569703119118
403569719385212	403569735810264	403569719768962
403569736136826	403569752242138	403569736519274
403569752726618	403569776888180	403569761156045
403569788261826	403569801532555	403569788629430
403569788537451	403569809747034	403569788644795
403569805126149	403569817961721	403569805533701
403569821840733	403569834393700	403569822221670
403569838489483	403569850823336	403569838870524
403569855199014	403569867252503	403569855581826
403569871831358	403569900118701	403569887667087
403569888521201	403569908333961	403569888891514
403569923152139	403569941192555	403569923528337
403569923350108	403569949408389	403569923537555
403569940014483	403569957623805	403569940401201
403569956670055	403569974052190	403569957067868
403569973389899	403569990480523	403569973764899
403569990056514	403570006907919	403569990442295
403570006728180	403570023335159	403570007108232
403570023554482	403570039763701	403570026784014
403570054568232	403570072625315	403570054873857
403570056765576	403570080840263	403570057088232
403570073379170	403570089055524	403570073762607
403570090055368	403570105485367	403570090431670
403570106750732	403570121919430	403570107134326
403570123437920	403570138352555	403570123827764
403570140110524	403570162998701	403570151083180
403570175245732	403570187644586	403570175691201
403570175485732	403570195859951	403570175698076
403570192246045	403570204074847	403570192648857
403570208910889	403570220506565	403570209279639
403570225569587	403570236938544	403570225939951
403570242278857	403570253369378	403570242653649
403570258914170	403570269798753	403570259285264
403570275646670	403570294442972	403570280771357
403570310411305	403570327301044	403570310722607
403570310682139	403570335516253	403570310789951
403570327557555	403570343733232	403570327951462
403570344111462	403570360163023	403570344462139
403570360708076	403570376593805	403570361081201
403570377340576	403570393024326	403570377718389
403570394058389	403570425881409	403570409988232
403570410816514	403570434096565	403570411155107
403570453121045	403570466956566	403570453427555
403570453297139	403570475172138	403570453456514
403570470065211	403570483387920	403570470446670
403570486702086	403570499819690	403570487085680
403570503419951	403570516251565	403570503778961
403570520115889	403570532683753	403570520486826
403570536733336	403570549113128	403570537088493
403570553405889	403570573755732	403570555818805
403570588943857	403570606615367	403570589292555
403570589106305	403570614831148	403570589347920
403570605772711	403570623046097	403570606208545
403570622492607	403570639475471	403570622915889
403570639127607	403570655905055	403570639593545
403570655776357	403570672332033	403570656157138
403570672555680	403570688760784	403570672929482
403570689262451	403570713408961	403570696348493
403570723936774	403570738054430	403570724218493
403570724176826	403570746270002	403570724291201
403570740801930	403570754486721	403570741200888
403570757560576	403570770915940	403570757934795
403570774206357	403570787345940	403570774577451
403570790901982	403570803777919	403570791281670
403570807566357	403570836643180	403570821858076
403570824234274	9223372036854775807	403570824589013

POLL t=122.3 tick=2105
8333333
403579884584479	403579898223124	403579884975364
403579901332395	403579914654218	403579901808385
403579917975416	403579931089061	403579918255416
403579934652135	403579947524947	403579935061666
403579951320260	403579963960884	403579951684322
403579967982604	403579980397759	403579968356770
403580004329427	403580021484166	403580004679166
403580004498229	403580029701926	403580004746354
403580021155572	403580037920103	403580021379479
403580037866510	403580054354374	403580042513958
403580054564635	403580070790468	403580054949010
403580071220052	403580087228541	403580071613854
403580087882760	403580103665364	403580093689322
403580124389635	403580136528488	403580124778385
403580124594114	403580144744062	403580124783333
403580141304166	403580152960312	403580141972395
403580157911614	403580177612551	403580165867135
403580174641354	403580185829165	403580175029114
403580191308802	403580202260885	403580191691822
403580207971979	403580218691978	403580208339270
403580243374010	403580259770884	403580243807968
403580243636354	403580267986666	403580243819531
403580260238385	403580276201301	403580260626770
403580276990729	403580292632499	403580277789114
403580293606614	403580309063749	403580293990885
403580310324791	403580325494843	403580310700833
403580326968385	403580341927708	403580330580885
403580362218854	403580374792395	403580362575104
403580362462916	403580383008280	403580362581041
403580379113697	403580391225311	403580379498385
403580396026770	403580407656301	403580396360833
403580412537916	403580424091196	403580412907864
403580429177291	403580440526353	403580429555104
403580445848229	403580456959999	403580446214791
403580462507916	403580481612030	403580464541770
403580498133697	403580514477603	403580498445051
403580498439322	403580522693905	403580498538228
403580514999478	403580530909426	403580515223541
403580531648801	403580547338488	403580532043020
403580548359426	403580563769425	403580548729791
403580565007603	403580580197864	403580565385260
403580581673541	403580596626561	403580582054010
403580598332551	403580613054582	403580600790885
403580634280416	403580645911509	403580634648020
403580634569322	403580654125416	403580634683489
403580651150572	403580662338749	403580651574166
403580667887551	403580678765520	403580668265572
403580684549322	403580695194426	403580684920572
403580701219791	403580711622343	403580701635572
403580717875260	403580744477498	403580732708801
403580734539426	403580752689269	403580735354999
403580770242239	403580785547238	403580770617291
403580770442916	403580793762030	403580770637447
403580787097447	403580801976873	403580787478697
403580803768228	403580818407759	403580804153645
403580820437395	403580834836561	403580820955103
403580837181510	403580851266717	403580837698385
403580853821978	403580867695207	403580854199635
403580870482603	403580884124114	403580870852291
403580887156770	403580908767551	403580891480051
403580922486197	403580933414530	403580922950051
403580922700572	403580941628072	403580922957082
403580939338801	403580949843280	403580939739270
403580956037395	403580974488593	403580956492707
403580972731926	403580990919009	403580973118957
403580989405885	403581007350728	403580989779010
403581006068385	403581031999165	403581021639270
403581022795051	403581040214478	403581023158176
403581057991614	403581073073124	403581058363385
403581058177135	403581081288332	403581058431353
403581074867760	403581089503957	403581075391041
403581091814999	403581105936353	403581092205416
403581108251301	403581122368384	403581108530572
403581124895989	403581138800259	403581125266301
403581141568332	403581155233540	403581141935572
403581171337864	403581188100103	403581171692759
403581174815989	403581196315207	403581175106666
403581191584009	403581204529894	403581191976509
403581208245364	403581220960988	403581208533697
403581224921666	403581237393124	403581225295676
403581241618853	403581253824686	403581241993697
403581275905572	403581286688436	403581276206457
403581276274322	403581294903541	403581276394009
403581292930364	403581311335467	403581293334791
403581309585103	403581327766613	403581309960676
403581326281197	403581344202498	403581326655520
403581342968176	403581360638384	403581343344895
403581359632603	403581385288228	403581368247759
403581396283228	403581409937290	403581396631197
403581396612551	403581418153280	403581396742447
403581413231926	403581426371092	403581413658957
403581429914739	403581442803697	403581430292395
403581446631926	403581459234738	403581446994166
403581463247603	403581475666613	403581463632864
403581479935728	403581508528592	403581492830051
403581516789634	403581533175780	403581517203384
403581517102447	403581541391873	403581517207291
403581533849634	403581549608905	403581534083541
403581550446041	403581566042499	403581550824322
403581567166770	403581582475988	403581567528645
403581583781926	403581598910832	403581584163697
403581600604009	403581623559426	403581610982291
403581635959947	403581648208540	403581636217447
403581636316457	403581656425207	403581636428228
403581652963072	403581664642863	403581653371197
403581669674947	403581681073280	403581670078957
403581686334947	403581697505207	403581686701457
403581702974322	403581713939061	403581703355572
403581719648541	403581746800780	403581729116353
403581756470259	403581771447915	403581756909895
403581756813853	403581779662915	403581756910416
403581773362603	403581787878123	403581773769582
403581790108072	403581804309165	403581790489790
403581806767447	403581820739634	403581807136926
403581823445884	403581837173019	403581823811926
403581840162759	403581861820363	403581850407395
403581874811665	403581886466769	403581875194947
403581875099165	403581894682394	403581875204790
403581891697759	403581902897238	403581892094895
403581908386665	403581919330154	403581908770103
403581925045415	403581935762863	403581925432134
403581941779322	403581960412499	403581942161040
403581958379322	403581985062290	403581969147551
403581995218697	403582009713280	403581995548645
403581995521926	403582017930415	403581995623540
403582012164009	403582026145779	403582012568072
403582028895207	403582042578592	403582029271040

POLL t=133.9 tick=2181
8333333
403591518269162	403591531587442	403591518699578
403591534925099	403591548017078	403591535294318
403591551593016	403591564442547	403591551969474
403591568259006	403591580869683	403591568636818
403591584940568	403591597298484	403591585378953
403591621368849	403591638368484	403591621778641
403591621663537	403591646583172	403591621798380
403591638187443	403591654798641	403591638473537
403591654975516	403591671228380	403591655378485
403591671657755	403591687658953	403591672197078
403591688277287	403591704090099	403591688650672
403591704951662	403591720518172	403591705326662
403591721616193	403591745163640	403591731036505
403591757355568	403591769807234	403591757879891
403591757524162	403591778021765	403591757884110
403591774262443	403591786235932	403591774690568
403591790892599	403591802663380	403591791269318
403591807589474	403591819095046	403591807958068
403591824256974	403591835525567	403591824639162
403591840928068	403591851957077	403591841294318
403591857579474	403591884819162	403591872467235
403591874220724	403591893034370	403591874621037
403591910227912	403591925895151	403591910546453
403591910369318	403591934111036	403591910550828
403591927286245	403591942325672	403591927662130
403591943785360	403591958753953	403591944156453
403591960440724	403591975182651	403591960826453
403591977111922	403591991612494	403591977487130
403591993790255	403592008043692	403591994167078
403592010456141	403592024473067	403592012351349
403592046646662	403592057332339	403592046999005
403592046803068	403592065547442	403592047022859
403592063501505	403592081975567	403592064063380
403592080122599	403592098403380	403592080512912
403592096863953	403592114834526	403592097243068
403592113504162	403592131266349	403592113893380
403592130160099	403592147698276	403592130544891
403592146891974	403592164129213	403592148938224
403592182952287	403592196992599	403592183310568
403592183130099	403592205208744	403592183342234
403592199819630	403592213425150	403592200353328
403592216458693	403592229857494	403592216856037
403592233174474	403592246288172	403592233586141
403592249855203	403592262718275	403592250242443
403592266520516	403592279150359	403592266894161
403592283198641	403592295580776	403592285485828
403592319414109	403592336657442	403592319789891
403592319599734	403592344872651	403592319801349
403592336313484	403592353087703	403592336695359
403592352938953	403592369519733	403592353380411
403592369663224	403592385949161	403592370030047
403592386336453	403592402378588	403592386710099
403592402995724	403592418809161	403592403362391
403592419667599	403592435240932	403592423640047
403592455690568	403592468102702	403592456111141
403592456089266	403592476318484	403592456226036
403592472543224	403592484534838	403592472945099
403592489254630	403592500965203	403592489619630
403592505935568	403592517393692	403592506314786
403592522610099	403592533823796	403592522976974
403592539264891	403592566681608	403592553165359
403592555963172	403592574896452	403592556291141
403592591226141	403592607747599	403592591578224
403592591473224	403592615961453	403592591583068
403592608161609	403592624175359	403592608408536
403592624786453	403592640603796	403592625163380
403592641456193	403592657031244	403592641830255
403592658128693	403592673456869	403592658505255
403592674782286	403592698096193	403592683677911
403592710790880	403592722734838	403592711174474
403592710962078	403592730947703	403592711178328
403592727684005	403592739161036	403592728168797
403592744321609	403592755586817	403592744696922
403592761024161	403592772014317	403592761398068
403592777728536	403592788441192	403592778089786
403592794327547	403592804868015	403592794701349
403592811063536	403592821296296	403592811446349
403592847536922	403592862368328	403592847839109
403592847862443	403592870582963	403592848071505
403592864591818	403592878797546	403592864975411
403592881245724	403592895225515	403592881627286
403592897929005	403592911652702	403592898299786
403592914538797	403592928079161	403592914931349
403592931248536	403592952720619	403592941284734
403592969115411	403592985579681	403592969583692
403592969587911	403592993795098	403592969725359
403592986205099	403593002010671	403592986450255
403593002876817	403593018441349	403593003255724
403593019581036	403593034871401	403593019950984
403593036230099	403593051299004	403593036604161
403593052925359	403593075943952	403593065693224
403593069578380	403593084159265	403593070001817
403593107902911	403593125230359	403593108127130
403593108261192	403593133446244	403593108320672
403593124952911	403593141661296	403593125212599
403593141589161	403593158091557	403593141964630
403593158250880	403593174522286	403593158629161
403593174937755	403593190953119	403593175316349
403593191606505	403593215592234	403593199901505
403593225762130	403593240233067	403593226069942
403593226052547	403593248447181	403593226167234
403593242706974	403593256660515	403593243119161
403593259422599	403593273085463	403593259786661
403593276074786	403593289511192	403593276416974
403593292690255	403593305936764	403593293063692
403593309396505	403593338792858	403593321456922
403593326112442	403593347007234	403593326471297
403593363416817	403593379868014	403593363792130
403593363900567	403593388084004	403593364014317
403593380429734	403593396298692	403593380898692
403593397064630	403593412731244	403593397454109
403593413752130	403593429159682	403593414131140
403593430399942	403593445588796	403593430787234
403593447058536	403593470233796	403593456025099
403593483674474	403593494878952	403593484045411
403593483869317	403593503094525	403593484050203
403593500585255	403593511309734	403593500969005
403593517251296	403593527741868	403593517644161
403593533912546	403593544173379	403593534281817
403593550584317	403593568820306	403593550968067
403593567243640	403593593463848	403593582326140
403593583912755	403593601679212	403593584285567
403593615298067	403593626325515	403593615617286
403593617190671	403593634542233	403593617561921
403593633884161	403593650979056	403593634311973
403593650573640	403593667411817	403593650956505
403593667208796	403593683842754	403593667607598

POLL t=145.2 tick=2256
8333333
403602757889626	403602770556553	403602758268376
403602774550824	403602786989834	403602774921345
403602791221605	403602803424313	403602791591293
403602807893220	403602828079157	403602814192282
403602843926970	403602860950095	403602844260095
403602844120251	403602869168323	403602844285720
403602860739105	403602877386501	403602861170355
403602877507439	403602893822803	403602877930980
403602894153845	403602910258011	403602894525512
403602910833064	403602926691813	403602911209157
403602927450876	403602951340616	403602940462074
403602944213845	403602959556553	403602944720199
403602980196657	403602992420250	403602980656814
403602980515512	403603000637542	403602980666345
403602997143220	403603008855095	403602997635407
403603013802699	403603025286345	403603014227855
403603030473220	403603041719573	403603030852282
403603047134470	403603058152854	403603047510407
403603063769001	403603091019886	403603075260095
403603100588220	403603115668272	403603100954730
403603100721449	403603123884521	403603100961032
403603117399001	403603132100199	403603117787126
403603134137126	403603148534366	403603134508012
403603150796657	403603164968845	403603151172595
403603167483793	403603181403584	403603167840668
403603184156501	403603206053480	403603189959626
403603219553532	403603230700928	403603219995407
403603219872230	403603238917178	403603220066032
403603236480876	403603247134469	403603236871814
403603253079105	403603263568167	403603253462126
403603269804939	403603280003168	403603270172439
403603286477126	403603304657021	403603286864470
403603303138376	403603329306917	403603312160824
403603339815251	403603353959261	403603340433376
403603340127751	403603362176605	403603340439157
403603356697595	403603370394886	403603357089157
403603373410824	403603386829834	403603373789470
403603390096449	403603403266084	403603390473376
403603406764001	403603419705146	403603407135980
403603423436345	403603444368115	403603430376970
403603459354782	403603477245459	403603459808376
403603459609313	403603485463272	403603459819157
403603476212751	403603493682698	403603477124782
403603492953220	403603510122022	403603493366345
403603509579574	403603526559938	403603509965251
403603526286345	403603542998427	403603526684001
403603542943845	403603567650771	403603554169626
403603579671188	403603592300302	403603580025355
403603579896136	403603600516969	403603580030095
403603596498688	403603608733636	403603596913845
403603613218688	403603625167386	403603613593949
403603629881970	403603641602594	403603630275876
403603646551293	403603658039313	403603646930824
403603663215407	403603682688272	403603669720876
403603699004782	403603715555928	403603699397282
403603699253845	403603723772177	403603699403793
403603715855407	403603731989730	403603716389782
403603732575824	403603748424625	403603732972126
403603749258793	403603764857438	403603749636761
403603765929938	403603781291760	403603766308845
403603782577855	403603805944521	403603790822438
403603818271813	403603830594417	403603818634782
403603818546970	403603838811396	403603818640511
403603835145667	403603847029105	403603835565980
403603851849313	403603863462698	403603852240980
403603868539938	403603879896501	403603868917126
403603885204261	403603896330407	403603885618063
403603901885563	403603920975251	403603908575095
403603937478167	403603953841917	403603938049001
403603937730251	403603962056605	403603938059105
403603954344626	403603970273532	403603954735407
403603971019001	403603986706865	403603971406657
403603987736657	403604003140406	403603988113324
403604004406657	403604019576501	403604004779938
403604021064730	403604044227699	403604028363949
403604051309417	403604068879001	403604051628324
403604054352751	403604077097125	403604054645719
403604071095042	403604085315667	403604071482594
403604087758167	403604101749156	403604088137594
403604104407438	403604118181969	403604104783063
403604121111188	403604134616865	403604121483532
403604137826449	403604159263167	403604142462907
403604173009157	403604183909677	403604173320876
403604173145563	403604192125719	403604173324313
403604189892282	403604200341449	403604190315042
403604206578792	403604216773739	403604206973063
403604223307594	403604241419938	403604223671501
403604239958688	403604257852230	403604240343688
403604256652751	403604282504157	403604265080563
403604291961761	403604307154365	403604292267594
403604292277594	403604315370302	403604292440667
403604308898792	403604323587386	403604309340824
403604325601813	403604340020198	403604325982438
403604342315719	403604356453063	403604342685094
403604358985251	403604372886292	403604359353324
403604375604313	403604397538375	403604384728688
403604407587438	403604422188219	403604407886813
403604409034261	403604430404417	403604409366292
403604425605980	403604438620146	403604425999782
403604442291813	403604455050355	403604442671449
403604458978844	403604471482177	403604459388167
403604475629105	403604487916292	403604476028376
403604492320719	403604512564000	403604495012438
403604522239105	403604537211708	403604522551501
403604525882751	403604545428948	403604526154105
403604542302751	403604553645667	403604542727438
403604558947907	403604570080042	403604559325719
403604575631501	403604586511344	403604576037698
403604592304573	403604602944156	403604592675876
403604608955407	403604627599677	403604613207698
403604643859417	403604660474105	403604644242386
403604644233219	403604668691708	403604644327386
403604660690876	403604676908844	403604661092542
403604677359261	403604693345251	403604677737438
403604694086501	403604709777438	403604694455563
403604710713063	403604726209365	403604711099157
403604727416032	403604750859000	403604735159000
403604762361969	403604775510719	403604762686136
403604762713375	403604783726969	403604762818375
403604779277750	403604791942385	403604779748219
403604796038063	403604808372750	403604796383219
403604812666761	403604824801968	403604813044469
403604829294625	403604841231500	403604829678532
403604846096344	403604865881865	403604851638688
403604887442594	403604898750458	403604887791500
403604887684573	403604906968427	403604887798167
403604904405250	9223372036854775807	403604904802282

POLL t=156.4 tick=2379
8333333
403613985799101	403614010135506	403613996353216
403614021650039	403614034779257	403614021999309
403614021838216	403614042994153	403614022003684
403614038548216	403614051208528	403614038930820
403614055172434	403614067639882	403614055563007
403614071878528	403614084072018	403614072242903
403614088548945	403614100505142	403614088919309
403614105217122	403614125152226	403614107667434
403614141302122	403614158015767	403614141713945
403614141518945	403614166231497	403614141718945
403614158250716	403614174446653	403614158785247
403614174796966	403614190876392	403614175185351
403614191514934	403614207304361	403614191882382
403614208177591	403614223733007	403614208552695
403614224805039	403614248377017	403614233514466
403614260813684	403614273021757	403614261354778
403614261004882	403614281236497	403614261359622
403614277690247	403614289451080	403614278207070
403614294295403	403614305878059	403614294690716
403614310972382	403614322306965	403614311363059
403614327712591	403614338734413	403614328091809
403614344365507	403614363373684	403614351269466
403614380521132	403614396224309	403614380906966
403614380689466	403614404436705	403614380933059
403614397327538	403614412650402	403614397752382
403614414083372	403614429078059	403614414458059
403614430738945	403614445502746	403614431108007
403614447406966	403614461928007	403614447777747
403614464099570	403614486569465	403614470737591
403614500394153	403614511211913	403614500747851
403614500612538	403614519424153	403614500752538
403614517252122	403614527637382	403614517676913
403614534006132	403614552279882	403614534383841
403614550634465	403614568707851	403614551005038
403614567303215	403614585135403	403614567674622
403614583998320	403614601564674	403614588120976
403614620349257	403614634426601	403614620934726
403614620665351	403614642642642	403614620940247
403614637290715	403614650859361	403614637734622
403614653884101	403614667289569	403614654269153
403614670621965	403614683722382	403614670996288
403614687287747	403614700154882	403614687666340
403614703946757	403614724805715	403614712379934
403614739628163	403614757670819	403614739970247
403614739832695	403614765886548	403614739974309
403614756479882	403614774103424	403614756926809
403614773184465	403614790535715	403614773647903
403614789863320	403614806965819	403614790237903
403614806532226	403614823399517	403614806968320
403614823210507	403614839834725	403614829784570
403614859331913	403614872701444	403614859848372
403614859529622	403614880917903	403614859860351
403614876226184	403614889135194	403614876591497
403614892904309	403614905568944	403614893272382
403614910051340	403614922001288	403614910259257
403614926278476	403614938431288	403614926660247
403614942978684	403614963077382	403614946482851
403614979132851	403614995930662	403614979561965
403614979439778	403615004145350	403614979650976
403614996024934	403615012358736	403614996406340
403615012704153	403615028786132	403615013079934
403615029363632	403615045216757	403615029740559
403615046039153	403615061645819	403615046418528
403615062717122	403615086290975	403615070979413
403615098427226	403615110934100	403615098734101
403615098730559	403615119149257	403615098815351
403615115303684	403615127363944	403615115821809
403615131990090	403615143792382	403615132359101
403615148677226	403615160223111	403615149044778
403615165347747	403615176654465	403615165727590
403615182006444	403615201299778	403615185561653
403615218331288	403615234162955	403615218669934
403615218517746	403615242379204	403615218683528
403615235196965	403615250595298	403615235690871
403615251895559	403615267025089	403615252274101
403615268519882	403615283455454	403615268904621
403615285219778	403615299884464	403615285598215
403615301924569	403615324529412	403615309455351
403615335423528	403615349175350	403615335808944
403615335688319	403615357392381	403615335810038
403615352389778	403615365608684	403615352767121
403615369048684	403615382040871	403615369421340
403615385726340	403615398470350	403615386104413
403615402447903	403615414900923	403615402803163
403615419111653	403615439546080	403615424313059
403615453765194	403615464192642	403615454097434
403615454104101	403615472408319	403615454239465
403615470772746	403615488840037	403615471232903
403615487389309	403615505272694	403615487772069
403615504132121	403615521705766	403615504511809
403615520765038	403615538140506	403615521143319
403615537488059	403615554575194	403615543482590
403615573366965	403615587438684	403615573708788
403615573717590	403615595655298	403615573824257
403615590338215	403615603873215	403615590731132
403615607004309	403615620308684	403615607372590
403615623720819	403615636743839	403615624087903
403615640377694	403615653176912	403615640749309
403615657097121	403615677828683	403615663056184
403615693583684	403615710689569	403615693900819
403615693982850	403615718905610	403615694081965
403615710521444	403615727122798	403615711162434
403615727255090	403615743556027	403615727624153
403615743923163	403615759989777	403615744285350
403615760559569	403615776422641	403615760931184
403615777206965	403615801069413	403615785166496
403615813191965	403615825715871	403615813536132
403615813457590	403615833932589	403615813550871
403615830176184	403615842149100	403615830579465
403615846814934	403615858581079	403615847179569
403615863436757	403615875012485	403615863817069
403615880150350	403615891446392	403615880521027
403615896815663	403615916095506	403615901460090
403615932691496	403615948962277	403615933070559
403615932874934	403615957179204	403615933131913
403615949560038	403615965396443	403615950090090
403615966228632	403615981832277	403615966618996
403615982926027	403615998263527	403615983295507
403615999593684	403616014691704	403615999962225
403616016252746	403616039332173	403616028296965
403616032936496	403616047546079	403616033475350
403616070299777	403616080405610	403616070773527
403616070583527	403616088620194	403616070782434
403616087267434	403616105050402	403616087679152
403616103966600	403616121479465	403616104442434
403616120584934	403616137906704	403616120964413
403616137242277	403616154335349	403616137618840

