POLL t=10.6 tick=601
8333333
441818067246350	441818080847860	441818067522757
441818084551194	441818097279684	441818084824684
441818100466246	441818113714318	441818100737652
441818117089007	441818130145829	441818117366350
441818133906559	441818146575777	441818134180152
441818150711402	441818163004527	441818150976350
441818167289319	441818179435204	441818167557652
441818184357027	441818195865620	441818184633225
441818200671715	441818212298694	441818200942132
441818217282027	441818228728590	441818217552340
441818234025465	441818245159840	441818234311350
441818250637652	441818261590308	441818250899996
441818267187184	441818278020517	441818267436246
441818284493590	441818302667288	441818284779527
441818300639788	441818310883121	441818300910465
441818317318746	441818335531401	441818317591819
441818333874215	441818351962808	441818334156090
441818350509996	441818368395152	441818350778434
441818367161090	441818384827340	441818367437027
441818384517496	441818401259266	441818384787340
441818400571871	441818417691558	441818400840881
441818417161975	441818434122027	441818417440152
441818433830621	441818450551767	441818434115152
441818450661246	441818466983016	441818450890725
441818467372444	441818483416141	441818467652027
441818484459840	441818499848850	441818484731871
441818500575881	441818516281454	441818500850621
441818517323902	441818532712495	441818517599996
441818534000308	441818549145621	441818534280933
441818550560569	441818565579005	441818550822027
441818567179527	441818582010204	441818567445308
441818584425933	441818598443589	441818584688277
441818600690777	441818614876453	441818600947027
441818617351038	441818631309267	441818617619527
441818633901663	441818647744527	441818634157808
441818650543590	441818664178225	441818650813538
441818667319371	441818680612183	441818667597756
441818684601402	441818697046453	441818684882027
441818700696506	441818713481767	441818700963902
441818717126194	441818729916193	441818717403850
441818733858121	441818746349267	441818734134944
441818750962913	441818762781818	441818751226246
441818767407965	441818779214839	441818767666090
441818784435308	441818795648589	441818784705621
441818800642183	441818812080412	441818800909944
441818817464215	441818828510828	441818817725413
441818834210100	441818844944214	441818834484319
441818850880725	441818861374526	441818851134944
441818867336871	441818877805829	441818867600152
441818884398746	441818902451819	441818884689006
441818900829319	441818918885620	441818901105100
441818917470933	441818935321662	441818917745621
441818934065777	441818951755464	441818934351194
441818950581819	441818968189683	441818950868121
441818967116715	441818984621141	441818967387965
441818984449527	441819001051818	441818984757496
441819000774631	441819017482964	441819001069840
441819017217496	441819033915256	441819017500412
441819033895465	441819050346349	441819034170777
441819050615308	441819066776715	441819050902131
441819067376037	441819083208537	441819067662027
441819084527808	441819099640881	441819084806246
441819100720569	441819116074058	441819100986558
441819117177287	441819132508380	441819117447340
441819134000933	441819148940829	441819134267027
441819150643746	441819165372235	441819150896871
441819167304527	441819181804266	441819167570152
441819184486194	441819198236818	441819184783121
441819200498225	441819214667339	441819200765256
441819217251558	441819231098485	441819217511506
441819234139996	441819247526974	441819234407964
441819250735100	441819263956245	441819251004683
441819267110256	441819280385672	441819267386350
441819284545308	441819296816505	441819284833277
441819300820308	441819313247234	441819301116558
441819317438121	441819329676506	441819317696819
441819333909839	441819346103433	441819334164944
441819350777964	441819362534214	441819351036714
441819367375777	441819378961089	441819367646506
441819384530464	441819395390672	441819384801714
441819401011506	441819411821558	441819401284683
441819417343850	441819428251662	441819417612496
441819434017027	441819444681662	441819434294527
441819450820464	441819461108381	441819451091714
441819467623277	441819485751245	441819467921662
441819484269944	441819502184995	441819484544683
441819500723746	441819518619110	441819500995933
441819517399944	441819535051558	441819517672756
441819534309214	441819551481974	441819534585777
441819551071089	441819567910412	441819551347027
441819567718902	441819584341402	441819568072496
441819584756975	441819600774891	441819585035933
441819601038902	441819617209266	441819601307131
441819617717287	441819633640673	441819617975464
441819634485464	441819650070568	441819634752339
441819651279683	441819666501089	441819651551350
441819667965464	441819682930777	441819668244214
441819685052183	441819699361298	441819685321871
441819701361402	441819715790099	441819701614683
441819718107912	441819732218068	441819718369006
441819734669214	441819748647911	441819734935777
441819751229527	441819765078954	441819751506558
441819768048589	441819781511558	441819768303589
441819785224162	441819797944057	441819785502600
441819801313068	441819814376662	441819801560777
441819818114006	441819830809527	441819818380464
441819834779996	441819847241402	441819835067912
441819851486402	441819863677391	441819851749995
441819868209058	441819880111401	441819868478277
441819885330464	441819896543329	441819885599995
441819901482808	441819912974839	441819901764527
441819918104995	441819929409005	441819918384683
441819934997443	441819945841922	441819935275152
441819951501975	441819962272339	441819951768902
441819968223902	441819978701401	441819968494318
441819985176662	441820003347859	441819985458902
441820001487912	441820019782339	441820001746350
441820018122027	441820036215984	441820018397339
441820034700152	441820052648120	441820034954631
441820051145620	441820069081453	441820051430777
441820067766402	441820085512286	441820068076662
441820084722756	441820101944057	441820085001245
441820101259058	441820118372547	441820101529527
441820132108225	441820143015828	441820132380256
441820132514995	441820151231141	441820132602443
441820165479787	441820175878902	441820165741089
441820168920881	441820184095151	441820169189162

POLL t=22.0 tick=1201
8333333
441829394393742	441829410586606	441829394655252
441829410185565	441829427018117	441829410454367
441829426881502	441829443452179	441829427167492
441829443217179	441829459884054	441829443482596
441829459982023	441829476317023	441829460242023
441829476531346	441829492750564	441829476791711
441829493547961	441829509185200	441829493819158
441829509929523	441829525619991	441829510195773
441829526585721	441829542055147	441829526849523
441829543284211	441829558492908	441829543544367
441829559818533	441829574927596	441829560087492
441829576510461	441829591363585	441829576776554
441829593876190	441829607798898	441829594135096
441829609944627	441829624236971	441829610198065
441829626527023	441829640675668	441829626789523
441829643119783	441829657115044	441829643394627
441829659937023	441829673552752	441829660185877
441829676759054	441829689992907	441829677021867
441829693896398	441829706429939	441829694152960
441829709739210	441829722864835	441829710005304
441829726503273	441829739301137	441829726796398
441829743243429	441829755736918	441829743497648
441829760113742	441829772171293	441829760312804
441829776600929	441829788606918	441829776857492
441829793685096	441829805041658	441829793952648
441829809902127	441829821476137	441829810159054
441829826697335	441829837911658	441829826945773
441829843394210	441829854346605	441829843667492
441829859892960	441829870781241	441829860140773
441829876612960	441829887214783	441829876882179
441829893840565	441829911867804	441829894118221
441829911348742	441829928301710	441829911606658
441829927751554	441829944733637	441829928047960
441829944172752	441829961167126	441829944457960
441829959912179	441829977600199	441829960188846
441829976891867	441829994033429	441829977162335
441829994035252	441830010469887	441829994311346
441830010153221	441830026901085	441830010414210
441830026522960	441830043332230	441830026790721
441830043150565	441830059764158	441830043448065
441830059857283	441830076195460	441830060074679
441830076631190	441830092627335	441830076891867
441830093644002	441830109059992	441830093913429
441830109746710	441830125492022	441830110014210
441830126635877	441830141924679	441830126904054
441830143551971	441830158357179	441830143816398
441830159816971	441830174791293	441830160078429
441830176444523	441830191227075	441830176714627
441830193684783	441830207662491	441830193950148
441830209889210	441830224097075	441830210144367
441830226494210	441830240532908	441830226757752
441830243199367	441830256970199	441830243454314
441830259930617	441830273406398	441830260166033
441830276509939	441830289842178	441830276772492
441830293642960	441830306281867	441830293911867
441830309952960	441830322721866	441830310243585
441830326593273	441830339160616	441830326865304
441830343261710	441830355597439	441830343519523
441830359814783	441830372033897	441830360078898
441830376571189	441830388469783	441830376835773
441830393685877	441830404906762	441830393954366
441830409968741	441830421342543	441830410229679
441830426576241	441830437776502	441830426866554
441830443186710	441830454209939	441830443456866
441830459719210	441830470641813	441830459966971
441830476603221	441830495294002	441830476883116
441830495667023	441830511728636	441830495926710
441830510965408	441830528162959	441830511227752
441830527587804	441830544597595	441830527889158
441830544632596	441830561033637	441830544886554
441830560194991	441830577469314	441830560447960
441830577032960	441830593902907	441830577292335
441830593791085	441830610335616	441830594058741
441830609724210	441830626768220	441830609994210
441830626447596	441830643202283	441830626720148
441830643137127	441830659637075	441830643409939
441830659881554	441830676075147	441830660148689
441830676603689	441830692512491	441830676867908
441830693701189	441830708952283	441830693960616
441830709760304	441830725389678	441830710026398
441830726625564	441830741827595	441830726898429
441830743209210	441830758266397	441830743469471
441830759942439	441830774703532	441830760188741
441830776599366	441830791141241	441830776862023
441830793846033	441830807576293	441830794109366
441830810065408	441830824011553	441830810317648
441830826690148	441830840448116	441830826948273
441830843375095	441830856886345	441830843658429
441830859955460	441830873325564	441830860217335
441830876692179	441830889762074	441830876949470
441830893983741	441830906199105	441830894258585
441830910035929	441830922635668	441830910301085
441830926696970	441830939071970	441830926953220
441830943305460	441830955509887	441830943566398
441830960075929	441830971945303	441830960329054
441830976902127	441830988377804	441830977161658
441830994050772	441831004813324	441830994304158
441831010076085	441831021247647	441831010331397
441831026744835	441831037682959	441831027005720
441831043351241	441831054117959	441831043616710
441831059948272	441831070553532	441831060206241
441831076719991	441831095202751	441831076992647
441831095165147	441831111634418	441831095437335
441831111112439	441831128062594	441831111368377
441831127415095	441831144490251	441831127707752
441831144648845	441831160920199	441831144921085
441831161154627	441831177352803	441831161425929
441831177121710	441831193784366	441831177465460
441831193690929	441831210218793	441831193958533
441831209339366	441831226651501	441831209609002
441831226019991	441831243082960	441831226281241
441831242470460	441831259513689	441831242728585
441831259193064	441831275946553	441831259460408
441831275854679	441831292380408	441831276121658
441831293103429	441831308811709	441831293371866
441831309255616	441831325243012	441831309516658
441831326466189	441831341679262	441831326756710
441831343004158	441831358114730	441831343282908
441831360527908	441831374549365	441831360815772
441831377086866	441831390984626	441831377360877
441831392127335	441831407418532	441831392406866
441831412100877	441831423851918	441831412359991
441831427496866	441831440286136	441831427791397
441831444308429	441831456720355	441831444582439
441831461097491	441831473152751	441831461369835
441831477731554	441831489586710	441831478002283
441831494289210	9223372036854775807	441831494568064

POLL t=58.7 tick=1871
8333333
POLL t=70.1 tick=1988
8333333
POLL t=80.4 tick=2122
8333333
POLL t=91.9 tick=2324
8333333
POLL t=102.0 tick=2468
8333333
