window ticks 1950->2556 wall 20.69 s (units: 10 ms per state)
--- cpu0 freq_Hz delta_10ms
384000 0
556800 0
748800 0
960000 0
1152000 0
1363200 0
1555200 0
1785600 0
1996800 0
2227200 0
2400000 0
2745600 0
2918400 0
3072000 0
3321600 0
3532800 2063
--- cpu1 freq_Hz delta_10ms
384000 0
556800 0
748800 0
960000 0
1152000 0
1363200 0
1555200 0
1785600 0
1996800 0
2227200 0
2400000 0
2745600 0
2918400 0
3072000 0
3321600 0
3532800 2061
--- cpu2 freq_Hz delta_10ms
384000 0
556800 0
748800 0
960000 0
1152000 0
1363200 0
1555200 0
1785600 0
1996800 0
2227200 0
2400000 0
2745600 0
2918400 0
3072000 0
3321600 0
3532800 2061
--- cpu3 freq_Hz delta_10ms
384000 0
556800 0
748800 0
960000 0
1152000 0
1363200 0
1555200 0
1785600 0
1996800 0
2227200 0
2400000 0
2745600 0
2918400 0
3072000 0
3321600 0
3532800 2060
--- cpu4 freq_Hz delta_10ms
384000 0
556800 0
748800 0
960000 0
1152000 0
1363200 0
1555200 0
1785600 0
1996800 0
2227200 0
2400000 0
2745600 0
2918400 0
3072000 0
3321600 0
3532800 2059
--- cpu5 freq_Hz delta_10ms
384000 0
556800 0
748800 0
960000 0
1152000 0
1363200 0
1555200 0
1785600 0
1996800 0
2227200 0
2400000 0
2745600 0
2918400 0
3072000 0
3321600 0
3532800 2060
--- cpu6 freq_Hz delta_10ms
1017600 0
1209600 0
1401600 0
1689600 0
1958400 0
2246400 1
2438400 0
2649600 0
2841600 0
3072000 1
3283200 1
3513600 3
3801600 1088
4089600 444
4204800 28
4320000 493
--- cpu7 freq_Hz delta_10ms
1017600 0
1209600 0
1401600 0
1689600 0
1958400 0
2246400 1
2438400 0
2649600 0
2841600 0
3072000 1
3283200 1
3513600 3
3801600 1087
4089600 444
4204800 28
4320000 492
gpu_freqs: 1100000000 1050000000 967000000 900000000 832000000 734000000 660000000 607000000 525000000 443000000 389000000 342000000 222000000 160000000
gpu_clock_stats_delta: 0 0 633510 534178 1074113 2026216 10604598 0 0 0 0 0 0 0
