POLL t=10.7 tick=599
8333333
440820806416158	440820826933032	440820806559387
440820875448345	440820892669439	440820875850689
440820875779752	440820900886574	440820875855533
440820954703970	440820966630167	440820955104074
440820959539074	440820974848710	440820960032356
440821013677824	440821032370168	440821014074074
440821013891418	440821040587355	440821014077252
440821084189908	440821098114283	440821084600689
440821084481158	440821106331783	440821084603814
440821153920637	440821172065896	440821154334074
440821154285220	440821180282928	440821154334751
440821228101731	440821246019491	440821228553814
440821228295689	440821254236157	440821228557251
440821296233293	440821311755012	440821296625324
440821296532564	440821319972720	440821296629231
440821363866470	440821377493605	440821364266001
440821368555376	440821385712980	440821368943501
440821420774439	440821435022876	440821421162251
440821425151158	440821443242146	440821425550845
440821478038918	440821492557147	440821478431106
440821482576626	440821500774646	440821482969074
440821525219908	440821541865428	440821525641418
440821529850949	440821550082094	440821530268293
440821572258918	440821582952146	440821572638137
440821576944074	440821591170740	440821577435637
440821619227043	440821632265324	440821619623814
440821624064283	440821640485220	440821624870324
440821666446470	440821681575584	440821666838345
440821670846470	440821689793709	440821671232095
440821704960845	440821722666158	440821705377720
440821705252980	440821730883240	440821705384439
440821753525480	440821763752980	440821753922199
440821759398814	440821771970844	440821759806887
440821800479230	440821813059959	440821800887407
440821805494543	440821821278814	440821805947876
440821839324855	440821854157355	440821839746470
440821839508189	440821862376522	440821839752251
440821886202095	440821903460116	440821886611782
440821890657564	440821911678657	440821891049439
440821933628449	440821944549855	440821934007355
440821938291418	440821952767928	440821938742876
440821972106730	440821985638449	440821972514543
440821972446782	440821993856834	440821972517876
440822019214543	440822034943188	440822019606470
440822023991730	440822043162823	440822024385793
440822065934907	440822076042980	440822066325689
440822071549907	440822084263605	440822071939439
440822102736574	440822117147876	440822103122668
440822107181105	440822125367094	440822107591157
440822149925532	440822166458605	440822150307876
440822154219126	440822174678032	440822154608970
440822188317564	440822199336782	440822188694907
440822188612251	440822207556886	440822188750532
440822235308918	440822248648657	440822235728345
440822240078345	440822256866208	440822241153501
440822277927407	440822289733657	440822278343345
440822278283501	440822297950583	440822278352876
440822322312668	440822339032980	440822322697876
440822326732251	440822347249386	440822327139751
440822368991314	440822380120011	440822369386314
440822373537564	440822388338396	440822374020168
440822415812824	440822429424386	440822416212251
440822420524595	440822437642354	440822420953657
440822452456938	440822470515792	440822452847824
440822456764438	440822478733657	440822457144074
440822500528657	440822511610323	440822500923657
440822505779230	440822519828761	440822506176157
440822539242095	440822552700792	440822539672563
440822539489543	440822560918865	440822539677199
440822586066418	440822602005010	440822586478188
440822590699907	440822610220583	440822591109907
440822632820480	440822643086834	440822633300011
440822638678032	440822651304542	440822639096938
440822670976574	440822684181157	440822671360949
440822671229855	440822692399855	440822671416938
440822717680532	440822733490740	440822718063136
440822721998761	440822741708761	440822722393970
440822755923657	440822766361053	440822756337563
440822756282720	440822774579907	440822756341313
440822802549543	440822815672042	440822802949595
440822807614907	440822823889125	440822808427199
440822849678032	440822864977927	440822850078292
440822854209074	440822873197094	440822854616105
440822887673345	440822897854125	440822888068813
440822887850688	440822906071938	440822888079438
440822934439907	440822947169021	440822934839699
440822940310011	440822955387251	440822940841782
440822972763657	440822988255271	440822973162667
440822972969699	440822996471521	440822973210011
440823019369282	440823037549855	440823019803970
440823023894855	440823045766521	440823024290532
440823067142355	440823078635896	440823067561469
440823072362563	440823086852771	440823072835949
440823105536417	440823119724333	440823105896313
440823105793501	440823127941209	440823105950480
440823152764126	440823169022406	440823153155376
440823157160792	440823177239229	440823157544074
440823199476938	440823210103501	440823199857719
440823203928449	440823218320792	440823204417094
440823238409699	440823251191625	440823238996938
440823238692251	440823259409282	440823239033657
440823286957719	440823300496313	440823287374282
440823292197667	440823308713448	440823292599751
440823336386938	440823349793657	440823336785219
440823341133657	440823358009489	440823341525792
440823386148761	440823399095219	440823386563344
440823393749386	440823407312198	440823394157407
440823438776730	440823456617042	440823439179126
440823443657251	440823464834646	440823444137407
440823493176261	440823505924385	440823493568344
440823498072667	440823514142927	440823498672094
440823547821626	440823563451625	440823548186001
440823552486938	440823571668604	440823552922563
440823602524698	440823620977094	440823602923344
440823607246730	440823629194802	440823607623969
440823669266626	440823686720323	440823669661001
440823677432407	440823694937302	440823677732667
440823725100688	440823736024750	440823725491782
440823730377563	440823744243396	440823730778344
440823784477823	440823801771625	440823784875219
440823784833813	440823809988395	440823784885063
440823867543500	440823883947927	440823867995948
440823867922094	440823892165740	440823868035792
440823939561469	440823957910375	440823939979282
440823939907875	440823966129750	440823940078188
440824009031469	440824023652354	440824009427823
440824019928761	440824031868969	440824020328344

POLL t=22.2 tick=1056
8333333
440831863327872	440831880358236	440831863727560
440831868031883	440831888577455	440831868421883
440831926981935	440831937880476	440831927384435
440831939360372	440831954316674	440831939738966
440831946636154	440831962534643	440831947131466
440831991545060	440832003620007	440831991950945
440831992051727	440832011835632	440831992127247
440832076893029	440832094008914	440832077285476
440832082673445	440832102226413	440832083071622
440832125881622	440832143314069	440832126250060
440832129852247	440832151532455	440832130236310
440832174986622	440832192615111	440832175364591
440832178944435	440832200830476	440832179342091
440832226272560	440832241915840	440832226654747
440832226681726	440832250132663	440832226732716
440832283997091	440832299431726	440832284379122
440832284415633	440832307648861	440832284453185
440832340898653	440832356940788	440832341290997
440832345536778	440832365157039	440832345939070
440832392871466	440832406240164	440832393255372
440832396862039	440832414455996	440832397289226
440832443229851	440832455537716	440832443612039
440832449941778	440832463756257	440832450403810
440832487902039	440832504844069	440832488315164
440832491815789	440832513061518	440832492176414
440832543343133	440832554151361	440832543762716
440832543691622	440832562368653	440832543767091
440832608731935	440832619889382	440832609167560
440832617545320	440832628106830	440832617931153
440832652189122	440832669190112	440832652591153
440832662867716	440832677407142	440832663158914
440832693609851	440832710268965	440832694029226
440832693934382	440832718484799	440832694033966
440832767275789	440832784220944	440832767676153
440832771717247	440832792438810	440832772100216
440832835328185	440832849958809	440832835717872
440832839682716	440832858176205	440832840128289
440832897410216	440832915700840	440832897809434
440832901783445	440832923919851	440832902183966
440832957388132	440832973229329	440832957763757
440832965547559	440832981448132	440832965825007
440833008500997	440833022530684	440833008805528
440833008795684	440833030750163	440833008877403
440833083686309	440833096502091	440833084088028
440833083917716	440833104719747	440833084091934
440833160463914	440833178684226	440833160870997
440833160663966	440833186902194	440833160875684
440833235973132	440833252647038	440833236358809
440833236572872	440833260866361	440833236659539
440833308029070	440833326604174	440833308395841
440833312616153	440833334821048	440833313002872
440833367987820	440833384125215	440833368393809
440833372361309	440833392342299	440833372762038
440833428639747	440833441654851	440833429033341
440833428977247	440833449872351	440833429042195
440833497690059	440833515605893	440833498059747
440833501938966	440833523823965	440833502328653
440833528174070	440833540259955	440833528595684
440833544423340	440833556693496	440833544816465
440833565598653	440833581345996	440833565975945
440833577543809	440833589565006	440833577928340
440833605700059	440833622441465	440833606095059
440833610087247	440833630659694	440833610564382
440833658466726	440833671751985	440833658869278
440833658736101	440833679971100	440833658884278
440833727041778	440833745722975	440833727443028
440833738034122	440833753941725	440833738537715
440833769455684	440833786818496	440833769868809
440833769707663	440833795037819	440833769873028
440833834797715	440833852560632	440833835216934
440833835154747	440833860775997	440833835217507
440833899654747	440833918287350	440833900078497
440833900100997	440833926503652	440833900206309
440833974442351	440833992239747	440833974844903
440833978739903	440834000457506	440833979108965
440834032355528	440834049761256	440834032728653
440834043755997	440834057978184	440834044234122
440834073287976	440834090844434	440834073661309
440834077445215	440834099061725	440834077816413
440834132046934	440834148367559	440834132335684
440834142031101	440834156584642	440834142453965
440834173505840	440834189456361	440834173944590
440834173785997	440834197673913	440834173949278
440834247393965	440834263418444	440834247769903
440834251777246	440834271637298	440834252174434
440834299731934	440834312726568	440834300168913
440834299943028	440834320945840	440834300192976
440834373329538	440834386696621	440834373726778
440834377810996	440834394915632	440834378198496
440834430335215	440834444229798	440834430735944
440834442005007	440834452448392	440834442402715
440834470501465	440834485320683	440834470918132
440834474837090	440834493539121	440834475199694
440834533365215	440834551072506	440834533621778
440834537803601	440834559292142	440834538180267
440834596065059	440834608602819	440834596444590
440834600743340	440834616821986	440834601283132
440834648426621	440834666134798	440834648832663
440834648857715	440834674352610	440834648962194
440834720654903	440834731873287	440834721040840
440834730125371	440834748310371	440834730536309
440834763266934	440834781182871	440834763691309
440834763562871	440834789401100	440834763697871
440834828710007	440834846926257	440834829133288
440834829088028	440834855144590	440834829133913
440834893685840	440834904453965	440834894097871
440834894042038	440834912671309	440834894098757
440834958193340	440834970191465	440834958617663
440834958613132	440834978408652	440834958697975
440835022326621	440835035927298	440835022760163
440835022628340	440835044145631	440835022765319
440835086173340	440835101665996	440835086594434
440835086477090	440835109882089	440835086600059
440835151044590	440835167399589	440835151476309
440835151422507	440835175617350	440835151477090
440835214695944	440835233139329	440835215006621
440835215013027	440835241355579	440835215088027
440835283511881	440835298868444	440835283900840
440835295145215	440835307086621	440835295559746
440835324015684	440835339957350	440835324385840
440835328446465	440835348176413	440835328861413
440835365466934	440835381050475	440835365874225
440835365692975	440835389268548	440835365886100
440835439325006	440835455000579	440835439708965
440835443520996	440835463217662	440835443909277
440835491785371	440835504301308	440835492197871
440835491999381	9223372036854775807	440835492209381

POLL t=33.6 tick=1585
8333333
440844731963024	440844748215575	440844732326617
440844748632972	440844764650628	440844749014690
440844765327711	440844797512190	440844786471305
440844781970940	440844805728440	440844786485367
440844812529117	440844830374689	440844812921722
440844815183753	440844838590627	440844815461149
440844831927190	440844846807503	440844832329274
440844848600211	440844863241200	440844848960836
440844865234899	440844879671564	440844865603440
440844881902399	440844896102554	440844882267399
440844898614117	440844928966669	440844912240680
440844931203909	440844945398961	440844931583753
440844931873180	440844953614690	440844931972086
440844948607972	440844961829534	440844949018909
440844965332503	440844978261252	440844965718597
440844982034378	440844994695575	440844982421722
440844998617867	440845011128544	440844998989586
440845015293336	440845043995940	440845028685524
440845049364742	440845060427346	440845049777867
440845049688805	440845068642867	440845049782086
440845066351461	440845076860211	440845066736149
440845083008336	440845101504221	440845083379586
440845099704899	440845117936356	440845100088492
440845116373805	440845134368492	440845116744690
440845133048649	440845159014638	440845148758805
440845149618961	440845167229482	440845149926930
440845187998128	440845200091357	440845188405367
440845188443805	440845208308440	440845188542242
440845205022971	440845216526565	440845205393649
440845221653805	440845232961929	440845222035524
440845238384221	440845249396305	440845238755628
440845255046565	440845274051409	440845263248649
440845287984846	440845298703908	440845288393492
440845288402711	440845306921669	440845288493128
440845305054586	440845323356668	440845305425367
440845321767034	440845339791825	440845322140367
440845338425680	440845356225887	440845338819898
440845355106565	440845372661357	440845355477815
440845371765003	440845397315627	440845386841930
440845388723596	440845405532919	440845389021409
440845427006930	440845438400106	440845427420680
440845427301773	440845446619429	440845427425628
440845443991096	440845454838336	440845444382971
440845460658805	440845471274013	440845461048596
440845477343648	440845487711044	440845477720992
440845494037503	440845520582867	440845503748909
440845528408909	440845545230783	440845528879534
440845528657346	440845553446565	440845528884065
440845545525055	440845561663075	440845546116409
440845562083648	440845578096773	440845562463336
440845578746565	440845594529273	440845579126773
440845595388909	440845610961200	440845595779586
440845612096305	440845643824794	440845629045003
440845628756930	440845652041773	440845629085992
440845664090211	440845676689950	440845664474846
440845664500055	440845684906721	440845664565315
440845681052711	440845693123752	440845681422086
440845697749586	440845709554534	440845698133492
440845714476461	440845725985106	440845714848023
440845731071617	440845758845418	440845743244690
440845765521252	440845783490523	440845765953023
440845765727190	440845791706460	440845765958180
440845782473961	440845799920940	440845782876773
440845799133492	440845816351408	440845799522555
440845815792398	440845832783388	440845816178284
440845832469273	440845849214168	440845832867086
440845849192346	440845882077919	440845864912190
440845865854586	440845890295939	440845866135471
440845905486461	440845923163074	440845905906721
440845905703961	440845931379064	440845905922815
440845922612711	440845939596461	440845922885367
440845939175055	440845956031825	440845939509221
440845955809117	440845972465523	440845956204430
440845972443648	440845997113752	440845983907086
440846006032971	440846021760471	440846006465992
440846006274742	440846029976304	440846006469898
440846022978284	440846038192137	440846023351617
440846039723336	440846054621773	440846040107554
440846056374534	440846071052554	440846056744429
440846073038179	440846087483388	440846073408804
440846089737242	440846120350731	440846107967346
440846106404117	440846128568856	440846108014221
440846139660367	440846153219533	440846140078961
440846139935367	440846161435002	440846140083127
440846156669534	440846169648908	440846157040992
440846173355159	440846186081929	440846173739586
440846190074534	440846202515210	440846190466252
440846206729898	440846235381044	440846223912659
440846223452086	440846243596981	440846223966617
440846256848596	440846268245106	440846257256565
440846257080054	440846276461721	440846257260471
440846273857346	440846284679377	440846274238492
440846290603961	440846301112762	440846290970054
440846307232502	440846325761356	440846307615679
440846323883023	440846358627085	440846343192086
440846340599898	440846366843336	440846343202034
440846375337867	440846391491408	440846375778127
440846375624273	440846399707450	440846375786773
440846392408648	440846407923544	440846392635315
440846409003596	440846424357867	440846409385836
440846425681929	440846440790522	440846426060992
440846442421408	440846457223491	440846442799898
440846459087815	440846490092345	440846480305002
440846475749690	440846498309689	440846480365054
440846509711617	440846522961199	440846510167033
440846509992658	440846531177293	440846510170627
440846526737711	440846539393960	440846527158179
440846543417867	440846555823804	440846543795315
440846560050158	440846572253960	440846560402242
440846576696929	440846588687294	440846577065627
440846593414586	440846629770002	440846612619898
440846610268179	440846637987293	440846612682658
440846644383960	440846662639793	440846644804429
440846644578023	440846670857293	440846644815940
440846661421773	440846679074168	440846661856304
440846678041565	440846695506148	440846678435835
440846694760158	440846711939012	440846695139377
440846711373335	440846728371824	440846711751721
440846728051929	440846761233700	440846745475835
440846744719429	440846769450106	440846745523648
440846778505523	440846794099220	440846778946721
440846778804273	440846802315314	440846778965627
440846795434533	440846810530991	440846795817554
440846812217867	440846826964637	440846812579429
440846828842815	440846843395366	440846829226408
440846845553023	440846876258074	440846860775315
440846862219533	440846884473908	440846862502710

POLL t=45.0 tick=1678
8333333
440856399642863	440856416585311	440856400094113
440856399897863	440856424804477	440856400099269
440856416603748	440856433022915	440856417155519
440856433413801	440856449459998	440856433783801
440856449999738	440856465898018	440856450403957
440856466630363	440856498771092	440856482703644
440856483331457	440856506988748	440856483610207
440856518099842	440856531646039	440856518530311
440856518327863	440856539863748	440856518539998
440856535044269	440856548082393	440856535425467
440856551741561	440856564520050	440856552104582
440856568432707	440856580956196	440856568821925
440856585145675	440856597392238	440856585511873
440856601749113	440856638488019	440856622727082
440856618409113	440856646706144	440856622779113
440856654334530	440856671361247	440856654774582
440856654795519	440856679580727	440856654896144
440856671372394	440856687799738	440856672234842
440856688114113	440856704235831	440856688435207
440856704680050	440856720671977	440856705060832
440856721391248	440856737108436	440856721774842
440856738122811	440856769975154	440856755340519
440856754766457	440856778190988	440856755348436
440856786912082	440856802838539	440856787310832
440856787962863	440856811053956	440856788259373
440856804761561	440856819269112	440856805135519
440856821463748	440856835700623	440856821840988
440856838137082	440856852133957	440856838508436
440856854785519	440856868566040	440856855150519
440856871407082	440856901431195	440856889363436
440856888149113	440856909648331	440856889414061
440856920834842	440856934293800	440856921244113
440856921393488	440856942510050	440856921480050
440856938143800	440856950727341	440856938515154
440856954779269	440856967161248	440856955156769
440856971459894	440856983594060	440856971844425
440856988228800	440857000030883	440856988569269
440857004856144	440857041126456	440857024441144
440857021465779	440857049344893	440857024490207
440857055138644	440857065782654	440857055583957
440857055325988	440857074002081	440857055590050
440857072195050	440857090441300	440857072591248
440857088763957	440857106880832	440857089166248
440857105405623	440857123321508	440857105804269
440857122086092	440857139760778	440857122477081
440857138803644	440857172640883	440857162394217
440857155523644	440857180860987	440857162429998
440857188466613	440857205515519	440857188909529
440857188848175	440857213733175	440857188913488
440857205507863	440857221950623	440857206464581
440857222202863	440857238388175	440857222585519
440857238861144	440857254824164	440857239234113
440857255503644	440857271262341	440857255899686
440857272203019	440857312348540	440857295852394
440857288881769	440857320564945	440857295921456
440857322939529	440857336999633	440857323403852
440857323336873	440857345216821	440857323414217
440857340027654	440857353433956	440857340388279
440857356681456	440857369867654	440857357053436
440857373331925	440857386302393	440857373713956
440857390016613	440857402737393	440857390399998
440857406690675	440857443819894	440857429125831
440857423370675	440857452037238	440857429175675
440857457288488	440857468470987	440857457747081
440857457575154	440857476688174	440857457751613
440857474310936	440857484905571	440857474681248
440857490947342	440857501343488	440857491326456
440857507604894	440857525996039	440857508032706
440857524287186	440857542431144	440857524654061
440857540952081	440857575301248	440857563575988
440857557690050	440857583518175	440857563688800
440857591382029	440857608170727	440857591830206
440857591722863	440857616388227	440857591835779
440857608479581	440857624606821	440857608731456
440857625054894	440857641043331	440857625426613
440857641715154	440857657479685	440857642085988
440857658424581	440857673916872	440857658822810
440857675075988	440857715007914	440857698670988
440857691780675	440857723227445	440857698702810
440857726164269	440857739664477	440857726549060
440857726594581	440857747882810	440857726704738
440857743291613	440857756101144	440857743662654
440857759958644	440857772539268	440857760345831
440857776675519	440857788976769	440857777095831
440857793449425	440857805414789	440857793861300
440857810057706	440857846504372	440857832355519
440857826700050	440857854722341	440857832416456
440857860876404	440857871157497	440857861348592
440857861224217	440857879375257	440857861354112
440857877946144	440857895813434	440857878328644
440857894592810	440857912251039	440857894963331
440857911229894	440857928689476	440857911643175
440857927887498	440857945127601	440857928285987
440857944616248	440857986216247	440857969277498
440857961357706	440857994434528	440857969303175
440857995634998	440858010871248	440857996089529
440857995973331	440858019087601	440857996109737
440858012683175	440858027304789	440858013067029
440858029379112	440858043741352	440858029771144
440858045983800	440858060179841	440858046363800
440858062663435	440858076616300	440858063050831
440858079504060	440858125924945	440858109645935
440858096062394	440858134141039	440858109670050
440858112998123	440858142358331	440858113277081
440858148520050	440858167010362	440858148937550
440858148738331	440858175227132	440858148942654
440858165537550	440858183444529	440858165910206
440858182185831	440858199876820	440858182560362
440858198877081	440858216311143	440858199257654
440858215550831	440858249182185	440858235524581
440858232130987	440858257398487	440858235530779
440858265371300	440858282049685	440858265811404
440858265581456	440858290267602	440858265818591
440858282468019	440858298484997	440858282890362
440858299040466	440858314923539	440858299413487
440858315696300	440858331360675	440858316099894
440858332359841	440858347796508	440858332741248
440858349050154	440858380665362	440858369412966
440858365777394	440858388882237	440858369464737
440858398593331	440858413532914	440858399013956
440858399013800	440858421750570	440858399105831
440858415727029	440858429967705	440858416123956
440858432525987	440858446400570	440858432893956
440858449131560	440858462835830	440858449527081
440858465788956	440858479268747	440858466170466
440858482440623	440858512134789	440858502431143
440858499152862	9223372036854775807	440858502434685

POLL t=56.8 tick=1793
8333333
440867741419734	440867789467910	440867775099890
440867758128171	440867797684838	440867775138327
440867775319994	440867805901139	440867775398327
440867816898796	440867830555879	440867817306140
440867817072182	440867838772858	440867817330046
440867833822182	440867846990514	440867834201244
440867850480932	440867863424577	440867850703952
440867867191609	440867912735254	440867898840671
440867883923744	440867920954108	440867898906140
440867900503952	440867929173223	440867900786609
440867942935671	440867953826400	440867943374421
440867943093432	440867962043691	440867943382963
440867959867390	440867978480827	440867960273484
440867976507702	440867994915983	440867976886765
440867993182390	440868035994681	440868021669421
440868009926765	440868044210827	440868021678744
440868052933015	440868068860983	440868053515359
440868053171088	440868077077702	440868053520463
440868069850150	440868085295306	440868070246713
440868086530359	440868101728118	440868086911609
440868103219577	440868118161868	440868103608015
440868119892390	440868159246660	440868148805359
440868136603015	440868167464681	440868148874369
440868178830775	440868192118900	440868179263015
440868178998015	440868200336660	440868179277077
440868195746140	440868208555359	440868196132859
440868212479577	440868224992286	440868212859525
440868229158588	440868241428327	440868229534109
440868245773119	440868290736713	440868275799577
440868262396921	440868298955202	440868275825931
440868305313171	440868323609941	440868305800619
440868305726765	440868331827233	440868305804890
440868322402077	440868340044473	440868322785827
440868338989265	440868356481035	440868339374890
440868355663796	440868372920410	440868356058588
440868372357806	440868422224056	440868404970306
440868389030983	440868430440254	440868404977702
440868405716869	440868438657441	440868406016921
440868446660775	440868463308587	440868447072233
440868446844733	440868471524993	440868447091452
440868463624056	440868479741035	440868464205463
440868480297390	440868496172805	440868480700358
440868496982390	440868537255254	440868523691400
440868513619421	440868545470878	440868523793015
440868554852546	440868570118066	440868555269890
440868554999265	440868578335254	440868555273900
440868571800150	440868586552337	440868572153640
440868588492858	440868602983900	440868588868015
440868605150202	440868619417390	440868605530306
440868621764108	440868668724108	440868653800463
440868638455619	440868676942650	440868653858796
440868655135983	440868685159524	440868655461140
440868697436921	440868709812597	440868697853327
440868697689265	440868718030670	440868697857390
440868714394108	440868726248952	440868714775306
440868731058275	440868742685462	440868731432806
440868747714108	440868791988066	440868777652181
440868764410150	440868800205254	440868777684577
440868806767390	440868824853899	440868807180202
440868806954890	440868833071451	440868807197181
440868823711869	440868841288014	440868824096140
440868840389212	440868857720358	440868840835775
440868857074837	440868874151504	440868857476296
440868873735462	440868923453483	440868905744994
440868890375671	440868931670722	440868905751765
440868907081087	440868939887546	440868907333171
440868950124733	440868964538483	440868950502806
440868950273014	440868972754160	440868950554369
440868966997806	440868980970878	440868967419108
440868983734108	440868997402285	440868984134108
440869000449108	440869038483795	440869028214889
440869017141921	440869046699368	440869028256608
440869059243171	440869071344264	440869059703796
440869059396139	440869079560671	440869059754837
440869076206921	440869087776920	440869076585358
440869092833952	440869104208899	440869093211452
440869109500827	440869120639108	440869109883171
440869126178014	440869169931035	440869153608327
440869142884889	440869178148066	440869153611921
440869183099369	440869194581555	440869183516452
440869183247962	440869202797754	440869183520358
440869200030931	440869211013743	440869200401608
440869216773275	440869227444368	440869217132233
440869233431712	440869243873847	440869233807858
440869250044889	440869293163014	440869279069264
440869266785619	440869301378326	440869279124421
440869308010619	440869326022285	440869308475931
440869308310931	440869334237285	440869308480931
440869324988014	440869342452181	440869325365358
440869341690358	440869358881035	440869342061296
440869358354421	440869375309993	440869358748796
440869375020827	440869391738327	440869375449264
440869391662858	440869424598795	440869410425618
440869408407233	440869432814212	440869410430514
440869446894368	440869457461659	440869447328014
440869447136608	440869465675566	440869447332546
440869463884577	440869482104264	440869464298431
440869480595983	440869498536399	440869480979108
440869497259837	440869514967962	440869497647650
440869513906868	440869531400410	440869514278014
440869530603327	440869564263326	440869548293171
440869547281921	440869572478274	440869548348639
440869587235670	440869605340305	440869587604056
440869587530358	440869613555462	440869587607858
440869604313952	440869621772389	440869604714733
440869620858795	440869638205983	440869621259108
440869637572337	440869654642024	440869637950045
440869654233483	440869671075722	440869654654525
440869670913483	440869703944003	440869690592545
440869687476920	440869712161399	440869690671452
440869727137806	440869745024628	440869727587545
440869727397181	440869753240930	440869727593952
440869744151400	440869761457701	440869744531295
440869760755045	440869777890982	440869761147806
440869777432389	440869794323795	440869777841295
440869794164056	440869843628899	440869826829993
440869810855202	440869851844784	440869826847129
440869827399837	440869860060931	440869827693014
440869868782702	440869884706920	440869869190202
440869868950045	440869892922909	440869869236139
440869885678327	440869901138534	440869886052545
440869902407389	440869917569993	440869902779420
440869919029577	440869958651190	440869948681295
440869935834733	440869966867754	440869948726608
440869975217545	440869991515045	440869975598795
440869975544212	440869999732806	440869975632233
440869992245462	9223372036854775807	440869992492493

POLL t=68.4 tick=1875
8333333
440879702521448	440879713450823	440879703079885
440879702673167	440879721670406	440879703103167
440879719451760	440879729890510	440879719879885
440879736128635	440879746330979	440879736502229
440879752740354	440879803869052	440879785884573
440879769444833	440879812090874	440879785905927
440879786191292	440879820311030	440879786354260
440879833957698	440879844964260	440879834582594
440879834168792	440879853183219	440879834620042
440879850894208	440879861401968	440879851387542
440879867539104	440879910715197	440879894124573
440879884274208	440879918934052	440879894132958
440879925356396	440879943589832	440879925913792
440879925560042	440879951808374	440879925922542
440879942303739	440879960026604	440879942739729
440879958947385	440879976460457	440879959324885
440879975606760	440880017553426	440880006049260
440879992326604	440880025771082	440880006149833
440880008958010	440880033989052	440880010006292
440880057059885	440880075074833	440880057557073
440880057268323	440880083291030	440880057622385
440880073916448	440880091508270	440880074358948
440880090639104	440880107944572	440880091106864
440880107375979	440880140813843	440880124178635
440880124067073	440880149032333	440880124185146
440880164503739	440880181898999	440880165046083
440880164709364	440880190115145	440880165052385
440880181388323	440880198331916	440880181895979
440880198089208	440880214767177	440880198556500
440880214765771	440880255853582	440880242521083
440880231489260	440880264071863	440880242553583
440880275450146	440880288726291	440880275965198
440880275644416	440880296944416	440880275973010
440880292306448	440880305162228	440880292682698
440880308976604	440880321598531	440880309366448
440880325648635	440880362692176	440880348968114
440880342393010	440880370912697	440880349030510
440880383908114	440880395572802	440880384421552
440880384237958	440880403793010	440880384428479
440880401116031	440880412014208	440880401576291
440880417525823	440880428456135	440880417896604
440880434211916	440880477768999	440880466453114
440880450846135	440880485988947	440880466463166
440880467577385	440880494207385	440880467927854
440880508456916	440880518864312	440880508875041
440880508654104	440880527082437	440880508881760
440880525359677	440880543515458	440880525813479
440880542042541	440880559952072	440880542468010
440880558723323	440880592825510	440880582040041
440880575398166	440880601044259	440880582081083
440880615714260	440880633917801	440880616231083
440880615918323	440880642136551	440880616238635
440880632660458	440880650355457	440880633078791
440880649307802	440880666793166	440880649701395
440880665969573	440880707889676	440880694633323
440880682656448	440880716108999	440880694685302
440880724243947	440880740768738	440880724753427
440880724481604	440880748988895	440880724787020
440880741142697	440880757207280	440880741441552
440880757843791	440880773645510	440880758241916
440880774502385	440880790084468	440880774881395
440880791298739	440880822963478	440880808899572
440880807861135	440880831182854	440880808923322
440880845631135	440880864061499	440880846163635
440880845951135	440880872282229	440880846200614
440880862535979	440880880501447	440880862945979
440880879205822	440880896938790	440880879583895
440880895918010	440880929809728	440880919252177
440880912572854	440880938027436	440880919355041
440880953008791	440880970899519	440880953565979
440880953377541	440880979119312	440880953573479
440880970135510	440880987339364	440880970513427
440880986626552	440881003776291	440880986996291
440881003291760	440881044863583	440881033461135
440881019943166	440881053081967	440881033486447
440881036589677	440881061300249	440881037389572
440881084332385	440881102392592	440881084757697
440881084541447	440881110612124	440881084764260
440881101293166	440881118830458	440881101681864
440881117964885	440881151713166	440881138408635
440881134762020	440881159933270	440881138453479
440881174515354	440881184590145	440881175157072
440881174746135	440881192808894	440881175165354
440881191450197	440881209246499	440881191840822
440881208201083	440881225685353	440881208573166
440881224813010	440881258558322	440881246182072
440881241525510	440881266775926	440881246213270
440881281290197	440881299641863	440881281846135
440881281542333	440881307860353	440881281854416
440881298295510	440881316078009	440881298700510
440881314915041	440881332511186	440881315321760
440881331586447	440881373598530	440881359427645
440881348415041	440881381817176	440881359441135
440881388630041	440881406464624	440881389076083
440881388829885	440881414681290	440881389081916
440881405616551	440881422899207	440881406022801
440881422253895	440881439333530	440881422626239
440881438965822	440881480422332	440881464428166
440881455586760	440881488640144	440881464499416
440881495287645	440881513293686	440881495769520
440881495531916	440881521512697	440881495776760
440881512268270	440881529731811	440881512651864
440881528932541	440881546170353	440881529314572
440881545658114	440881579047593	440881568495978
440881562372489	440881587267436	440881568502958
440881601071239	440881611922124	440881601573583
440881601258635	440881620140144	440881601580614
440881618065353	440881636575300	440881618590353
440881635011551	440881653012176	440881635393322
440881651342385	440881694097592	440881677067801
440881668062697	440881702315561	440881677110978
440881709310770	440881726970353	440881709878635
440881709530614	440881735187696	440881709905770
440881726459728	440881743404832	440881727458478
440881743081708	440881759839572	440881743669833
440881759567541	440881776272020	440881759973895
440881776265197	440881809138061	440881794700353
440881792913947	440881817352957	440881794734260
440881832465822	440881850222853	440881833030041
440881832723166	440881858440978	440881833040978
440881849360353	440881866659780	440881849758010
440881866044572	440881907745509	440881892152541
440881882781447	440881915962176	440881892181760
440881923932853	440881940612592	440881924593947
440881924376864	440881948831082	440881924633635
440881940998166	440881957049468	440881941235510
440881957679364	440881973483895	440881958059885

POLL t=80.1 tick=1965
8333333
440891127942850	440891161598110	440891142539985
440891144650923	440891169816287	440891144964725
440891194420350	440891210904203	440891194930923
440891194620298	440891219122120	440891194954829
440891211334256	440891227338891	440891211765350
440891228028943	440891268423318	440891257771756
440891244682381	440891276641756	440891257779829
440891261346600	440891284859360	440891261636600
440891313914360	440891325948578	440891314333735
440891314100610	440891334167120	440891314348735
440891330804256	440891342385089	440891331184568
440891347481443	440891383472172	440891369318787
440891364277693	440891391689203	440891369330350
440891407201131	440891424556495	440891407705298
440891407392329	440891432773474	440891407776704
440891424130818	440891440991183	440891424534881
440891440781287	440891457427329	440891441176860
440891457451756	440891498518474	440891480995610
440891474154881	440891506737433	440891481116287
440891518055610	440891531392120	440891518434100
440891518254256	440891539609464	440891518450818
440891534986131	440891547828110	440891535511079
440891551622850	440891564265036	440891552047537
440891568371548	440891605354776	440891594683735
440891584999516	440891613574204	440891594724881
440891629559725	440891646450453	440891630186131
440891629765975	440891654668682	440891630194360
440891646559725	440891662887276	440891647289047
440891663164881	440891679324672	440891663533787
440891679849829	440891720416182	440891702570193
440891696528475	440891728635714	440891702619672
440891740331912	440891753295245	440891740858631
440891740665975	440891761513526	440891740864881
440891757238787	440891769732745	440891757670610
440891773942850	440891786169932	440891774313631
440891790610350	440891835486860	440891821105922
440891807288735	440891843706547	440891821128162
440891823915141	440891851926547	440891824282068
440891876047849	440891893023995	440891876533318
440891876252641	440891901241911	440891876538787
440891892965193	440891909460974	440891893785818
440891909675349	440891925900401	440891910057224
440891926381287	440891950561703	440891940392693
440891943078787	440891958782068	440891943295297
440891992085193	440892008094881	440891992619881
440891992284099	440892016314203	440891992661704
440892008976443	440892024532485	440892009356912
440892025656599	440892065620036	440892049954099
440892042385349	440892073837796	440892049986079
440892058990454	440892082055036	440892059600974
440892099954881	440892114919828	440892100489829
440892100180974	440892123137484	440892100512381
440892116905766	440892131354881	440892117336599
440892133565662	440892147791391	440892133938891
440892150239985	440892188881391	440892174168787
440892166925193	440892197098057	440892174195974
440892209273943	440892221748526	440892209852849
440892209473422	440892229967901	440892209861235
440892226147068	440892238185558	440892226578735
440892242838318	440892254621183	440892243214568
440892259525818	440892303934671	440892293142849
440892276278631	440892312154463	440892293152537
440892293565818	440892320372432	440892293708422
440892336120974	440892353243526	440892336721860
440892336347953	440892361460609	440892336734828
440892353212016	440892369676547	440892353654568
440892369747537	440892386112068	440892370125506
440892386426391	440892418983422	440892408454828
440892403074256	440892427202381	440892408478787
440892443086287	440892460073005	440892443461756
440892443277537	440892468291130	440892443471599
440892460372745	440892476508943	440892460793631
440892476752381	440892492942432	440892477125141
440892493317537	440892534027484	440892520362849
440892510101287	440892542244932	440892520465974
440892551561235	440892566898525	440892552154412
440892551825818	440892575117171	440892552170922
440892568565662	440892583335348	440892568977328
440892585204828	440892599768942	440892585580662
440892601915922	440892640855765	440892627101912
440892618585922	440892649073578	440892627112537
440892659718162	440892673725609	440892660112224
440892659936130	440892681942067	440892660118787
440892676631287	440892690158786	440892677030818
440892693343891	440892706593630	440892693708474
440892710070818	440892747685401	440892731829880
440892726724880	440892755903474	440892731838787
440892768910766	440892780557432	440892769456599
440892769139880	440892788776234	440892769462537
440892785817693	440892796995296	440892786220037
440892802530662	440892813430245	440892802924985
440892819261860	440892854517015	440892840914255
440892836197849	440892862734151	440892840969203
440892877873422	440892895601443	440892878485453
440892878160662	440892903816807	440892878496235
440892894843891	440892912032589	440892895249412
440892911556130	440892928467171	440892911931755
440892928209412	440892969553682	440892953996599
440892944981078	440892977770661	440892954117953
440892987142693	440893002423578	440892987667172
440892987387172	440893010641807	440892987716755
440893004113474	440893018858890	440893004488318
440893020803474	440893035292536	440893021182797
440893037513162	440893076379411	440893059435349
440893054192849	440893084597537	440893059473787
440893094579880	440893109247380	440893095075505
440893094739412	440893117463942	440893095079880
440893111464203	440893125680089	440893111852797
440893128179255	440893142112275	440893128562849
440893144781130	440893183190973	440893167346286
440893161459880	440893191408213	440893167369724
440893203261130	440893216058577	440893203818318
440893203482953	440893224275921	440893203833786
440893220202068	440893232493474	440893220585036
440893236855453	440893248926651	440893237232016
440893253518005	440893290015088	440893276494411
440893270274880	440893298233005	440893276604255
440893311649516	440893322885765	440893312240661
440893311871286	440893331103369	440893312270036
440893328527797	440893339320661	440893328916443
440893345231547	440893355755245	440893345607536
440893361903630	440893405061651	440893386830505
440893378536391	440893413278265	440893386881547
440893421910036	440893437926130	440893422480766
440893422065922	440893446144828	440893422517484
440893438818005	440893454362327	440893439046234
440893455482484	440893470795349	440893455863943

POLL t=91.7 tick=2102
8333333
440902802855658	440902821125657	440902803243418
440902819550814	440902837562168	440902820140606
440902836168002	440902853995918	440902841318314
440902852855762	440902878648262	440902866848627
440902869537533	440902886865136	440902870284199
440902909432689	440902927944303	440902910026387
440902909767637	440902936159616	440902910070658
440902926359877	440902960807897	440902944867949
440902943035814	440902969023782	440902944874252
440902959710189	440902985455032	440902974255189
440902976382533	440902993670657	440902976884824
440903016654981	440903034755709	440903017238470
440903017022376	440903042973313	440903017244408
440903033570762	440903051191178	440903038190345
440903050223887	440903075844876	440903061747168
440903091862949	440903108716595	440903092495814
440903092509251	440903116933574	440903092708626
440903109132376	440903125151803	440903109639720
440903125493626	440903149803261	440903133575970
440903142140762	440903158019980	440903142950345
440903158847324	440903174452271	440903164146751
440903199557012	440903215532116	440903200082012
440903199776595	440903223748990	440903200092793
440903216484356	440903248397167	440903232666126
440903233135814	440903256612792	440903233474095
440903249773887	440903273043209	440903260914564
440903290818939	440903305906439	440903291303939
440903291003626	440903314123105	440903291324043
440903307667533	440903322340553	440903308146595
440903324388626	440903346991126	440903329406751
440903341043106	440903371642585	440903355939668
440903357713626	440903379858990	440903358037376
440903407657637	440903420936178	440903408212324
440903407867064	440903429153314	440903408223262
440903424587949	440903437372376	440903424958106
440903441240345	440903478460970	440903461322949
440903457926439	440903486677845	440903461416908
440903501464408	440903519549876	440903502022689
440903501670658	440903527767532	440903502040814
440903518396751	440903535984720	440903518828626
440903535062324	440903552422324	440903541972689
440903551744980	440903568857584	440903552296855
440903568393939	440903585291178	440903574149043
440903612288939	440903626374199	440903612853939
440903612540449	440903634590917	440903612863626
440903629252533	440903642807220	440903629772689
440903645910501	440903667456230	440903655573730
440903662592376	440903675672167	440903663116439
440903679260918	440903700320657	440903683990918
440903722535918	440903733182844	440903722966230
440903722719095	440903741399042	440903723003574
440903739435137	440903766044199	440903756201803
440903756206126	440903774259876	440903756310189
440903772788001	440903798909459	440903784487376
440903817333001	440903831767636	440903817741230
440903817511230	440903839983313	440903817798157
440903834212532	440903848198938	440903834659095
440903850902324	440903872847740	440903858277480
440903867589980	440903881065240	440903868155293
440903884277793	440903897495292	440903885481282
440903927459512	440903938576334	440903928127376
440903927667689	440903946792792	440903928139824
440903944381439	440903971439980	440903958779095
440903961028626	440903979654823	440903961320032
440903977723157	440903996086073	440903984799876
440904019843782	440904037166491	440904020407324
440904020102220	440904045382844	440904020417220
440904036682845	440904053597584	440904037484876
440904053453105	440904078247168	440904060981074
440904070076907	440904102896907	440904085594199
440904086813939	440904111113990	440904087142064
440904127543939	440904143986126	440904127985918
440904127901751	440904152203938	440904127986543
440904144494980	440904160421282	440904144750189
440904161154564	440904176855761	440904161533574
440904177866439	440904217937844	440904206767168
440904194565032	440904226155969	440904206801595
440904211207480	440904234374147	440904211546074
440904256385501	440904267240553	440904256982220
440904256686595	440904275457376	440904256991126
440904273296282	440904291888782	440904273687532
440904290001699	440904324755969	440904313532480
440904306756126	440904332971646	440904313540657
440904348098938	440904365837688	440904348557168
440904348464563	440904374052845	440904348565345
440904365127220	440904382268313	440904365536751
440904381766907	440904398700552	440904382136230
440904398522376	440904439780969	440904425812949
440904415206386	440904447997428	440904425889563
440904457918886	440904472644094	440904458477324
440904458176543	440904480859876	440904458487688
440904474878313	440904489075292	440904475087636
440904491531230	440904505505865	440904491941126
440904508330136	440904538371802	440904528181282
440904525068313	440904546588781	440904528216282
440904565703626	440904579453990	440904566342220
440904566048470	440904587670188	440904566373261
440904582695970	440904595886021	440904583082532
440904599360449	440904612315917	440904599755188
440904616105970	440904653393418	440904640072949
440904632747688	440904661611126	440904640081855
440904674695293	440904686263105	440904675143626
440904674934824	440904694481230	440904675148470
440904691603105	440904719131646	440904706131907
440904708361907	440904727349459	440904708707220
440904724933938	440904743781647	440904732299720
440904764153782	440904776644615	440904764596595
440904764455761	440904784860032	440904764637532
440904781152376	440904793075917	440904781559563
440904797830032	440904817722063	440904803117220
440904814460657	440904842364980	440904825655501
440904856896386	440904875220031	440904857386699
440904857130501	440904883434459	440904857409355
440904873821699	440904891648834	440904874225970
440904890465813	440904908079771	440904890852949
440904907140032	440904940942688	440904926310292
440904923884563	440904949158990	440904926321126
440904964200657	440904982020760	440904964746855
440904964568001	440904990235969	440904964756751
440904981120032	440904998450969	440904981609719
440904997804876	440905014881177	440904998184042
440905014515917	440905055958000	440905044514094
440905031197844	440905064173157	440905044555188
440905047803782	440905072390031	440905048278157
440905097589094	440905113465917	440905098127688
440905097827844	440905121681854	440905098136386
440905114536386	440905129896958	440905114769251

POLL t=101.7 tick=2194
8333333
440913053449560	440913083495862	440913058165029
440913097905966	440913108152164	440913098447060
440913098108102	440913116371903	440913098464352
440913115069248	440913132811486	440913115462529
440913131487633	440913149251747	440913131877529
440913148469196	440913182127425	440913169553310
440913164928883	440913190347424	440913169671696
440913209627216	440913223229507	440913210195185
440913209851748	440913231449716	440913210214091
440913226525185	440913239669299	440913226909404
440913243165185	440913256107476	440913243605966
440913259911279	440913297206591	440913282005133
440913276562633	440913305427373	440913282100602
440913321339508	440913338306591	440913321995654
440913321545498	440913346526903	440913322008570
440913338238883	440913354746643	440913338997373
440913354891435	440913371183778	440913355273935
440913371625445	440913404055393	440913390199039
440913388284873	440913412273154	440913390264716
440913431998623	440913445147892	440913432580341
440913432233623	440913453367112	440913432618154
440913448919508	440913461585340	440913449302998
440913465630966	440913478022997	440913465997164
440913482307841	440913519114456	440913505304977
440913498960654	440913527333309	440913505443310
440913543979872	440913560206694	440913544547372
440913544196904	440913568424039	440913544557060
440913560899664	440913576642737	440913561122789
440913577567841	440913593080132	440913577956122
440913594240185	440913634176487	440913618235497
440913610941747	440913642396174	440913618247372
440913655205914	440913667056018	440913655748727
440913655398258	440913675275549	440913655795185
440913672118466	440913683494612	440913672497529
440913688786279	440913699930862	440913689157216
440913705444247	440913741026122	440913725386591
440913722126227	440913749245185	440913725412841
440913766276435	440913782120080	440913766826904
440913766461435	440913790338310	440913766844508
440913783426956	440913798557685	440913783840185
440913799889872	440913814995914	440913800325289
440913816545966	440913856085862	440913843949977
440913833216591	440913864301695	440913843978622
440913879267529	440913897173205	440913879877945
440913879494560	440913905391069	440913879884091
440913896166904	440913913608778	440913896601122
440913912876435	440913930045236	440913913263258
440913929562060	440913971137424	440913958957685
440913946219247	440913979357424	440913958975914
440913962850497	440913987576747	440913963482997
440914016092008	440914028670809	440914016645810
440914016305966	440914036889455	440914016657529
440914033006747	440914045108570	440914033391904
440914049690133	440914077982163	440914066666904
440914066382685	440914086200184	440914066672372
440914116160133	440914127295757	440914116737320
440914116369508	440914135514767	440914116747685
440914133054091	440914143732997	440914133465445
440914149760497	440914184824299	440914171092216
440914166449195	440914193042789	440914171139508
440914213230341	440914225914299	440914213830028
440914213440966	440914234132528	440914213841226
440914230108153	440914242351695	440914230535185
440914246822372	440914258789924	440914247199351
440914263530497	440914299884091	440914283820028
440914280245653	440914308101434	440914283932841
440914325050653	440914340972944	440914325614716
440914325251278	440914349191747	440914325643622
440914341944247	440914357410548	440914342321435
440914358578935	440914373848048	440914358976903
440914375305966	440914414938986	440914398597008
440914391987476	440914423156903	440914398606695
440914436942216	440914447808725	440914437541435
440914437225185	440914456027059	440914437559195
440914453906435	440914464244194	440914454333101
440914470601747	440914480681851	440914470979195
440914487319091	440914521772945	440914510309508
440914503985653	440914529989819	440914510320028
440914548111539	440914562863309	440914548581591
440914548393310	440914571081017	440914548616278
440914565044560	440914579300237	440914565441851
440914581779976	440914595737893	440914582161435
440914598428778	440914645046955	440914627390185
440914615180653	440914653264611	440914627425966
440914631780497	440914661483257	440914632184820
440914682228466	440914694357475	440914682746747
440914682454091	440914702576382	440914682754403
440914699159560	440914710795289	440914699587945
440914715908778	440914727232736	440914716288153
440914732562216	440914760107528	440914744547632
440914749254820	440914768325757	440914749587007
440914790658726	440914809417840	440914791104403
440914790858153	440914817636330	440914791113466
440914807624976	440914825856121	440914808093622
440914824313153	440914842293309	440914824705341
440914840912476	440914883385757	440914869101070
440914857682216	440914891605080	440914869126434
440914904367320	440914916257840	440914904914091
440914904580184	440914924476954	440914904921122
440914921357997	440914932694872	440914921823726
440914938042841	440914949128882	440914938443309
440914954681591	440914965562631	440914955046382
440914971349976	440914998430184	440914988067216
440914988102476	440915006648048	440914988165289
440915030409403	440915047733361	440915030975809
440915030789247	440915055950496	440915030981226
440915047416278	440915064168204	440915048177528
440915064100966	440915080601381	440915064485341
440915080748622	440915121682268	440915105622997
440915097415341	440915129901069	440915105665809
440915140492945	440915154549611	440915140953153
440915140685757	440915162764194	440915140959195
440915157351747	440915170979403	440915157734664
440915174023622	440915187414507	440915174408726
440915190694976	440915228504351	440915212213309
440915207448778	440915236721747	440915212376278
440915250520497	440915261374975	440915251028101
440915250732788	440915269593049	440915251055132
440915267381278	440915277811173	440915267910809
440915284120653	440915294245340	440915284514247
440915300737945	440915343545027	440915332097007
440915317912007	440915351761277	440915332156382
440915334133257	440915359977840	440915334521643
440915375593622	440915392844194	440915376133466
440915375733101	440915401061277	440915376152007
440915392488101	440915409278725	440915392989091
440915409211122	9223372036854775807	440915409648466

POLL t=113.8 tick=2287
8333333
440925096341743	440925121532628	440925096433306
440925133724712	440925146184138	440925134318253
440925133955024	440925154400284	440925134344712
440925150635806	440925162617784	440925151012368
440925167319087	440925179053565	440925167694868
440925184014868	440925220143409	440925201874243
440925200695181	440925228360597	440925201883618
440925239731222	440925253012472	440925240340337
440925239939347	440925261230024	440925240353097
440925256719503	440925269446690	440925257257316
440925273325649	440925285877576	440925273698149
440925290042524	440925326964294	440925309799399
440925306705337	440925335183722	440925309851847
440925347187316	440925359837680	440925347795962
440925347503618	440925368056118	440925348304712
440925364171430	440925376274138	440925364602993
440925380750493	440925392706899	440925381130493
440925397449660	440925433786638	440925420129087
440925414161691	440925442002680	440925420218462
440925454185649	440925466648669	440925454805753
440925454654712	440925474864451	440925454890597
440925471103930	440925483078773	440925471487993
440925487780180	440925499512003	440925488156118
440925504451222	440925532374294	440925519767837
440925521100805	440925540589295	440925521459087
440925565111899	440925581667107	440925565695128
440925565489243	440925589880753	440925565738149
440925582062680	440925598096013	440925582494712
440925598707680	440925639175701	440925625778305
440925615407524	440925647392471	440925625799972
440925653879660	440925672042888	440925654461118
440925654090337	440925680259555	440925654469243
440925670822212	440925688475857	440925671240128
440925687480753	440925704906951	440925687908618
440925704207212	440925737771430	440925726290128
440925720840805	440925745987263	440925726307159
440925759948722	440925770635284	440925760536587
440925760198930	440925778850909	440925760542159
440925776875024	440925795286169	440925777259503
440925793543253	440925811722627	440925793925024
440925810242055	440925844596117	440925829008253
440925826869659	440925852815023	440925829095284
440925866799087	440925885689815	440925867391274
440925867037524	440925893907941	440925867401847
440925883700962	440925902125962	440925884167680
440925900390962	440925918563044	440925900772941
440925917079555	440925951430752	440925941169191
440925933779816	440925959647211	440925941256691
440925973055180	440925984299815	440925973668149
440925973391899	440925992518044	440925973678149
440925990000284	440926000735544	440925990436274
440926006644555	440926017169554	440926007016534
440926023328774	440926058257732	440926045171899
440926040085441	440926066475388	440926045335336
440926079101378	440926091125180	440926079750441
440926079557836	440926099342419	440926079787316
440926096417576	440926107560440	440926096888149
440926112861534	440926123995493	440926113231899
440926129547784	440926173295232	440926158742993
440926146242055	440926181511117	440926158795336
440926162816274	440926189727836	440926163232993
440926209297993	440926222591430	440926209892472
440926209432784	440926230807106	440926209901847
440926226179711	440926239023461	440926226572159
440926242812055	440926280108773	440926265547368
440926259577836	440926288325753	440926265603618
440926298765909	440926312977784	440926299366430
440926299107993	440926321194919	440926299429243
440926315728566	440926329410909	440926316280441
440926332364555	440926345842680	440926332741586
440926349048305	440926386920649	440926371695649
440926365717628	440926395136898	440926371752368
440926403446274	440926419783877	440926403970805
440926403709659	440926427999190	440926403996118
440926420497784	440926436214971	440926420935961
440926437205649	440926452647003	440926437572211
440926453812784	440926493727419	440926480575805
440926470402628	440926501942784	440926480594347
440926508640805	440926526590960	440926509160597
440926508876899	440926534806846	440926509167159
440926525635336	440926543022159	440926526068045
440926542302055	440926559454919	440926542698149
440926558950180	440926600535440	440926584645128
440926575663722	440926608752679	440926584655597
440926613383617	440926625188408	440926613856117
440926613586847	440926633405388	440926613860909
440926630379086	440926641623982	440926630795961
440926646972211	440926658058461	440926647370649
440926663720649	440926699145649	440926687334711
440926680335336	440926707365023	440926687367003
440926718597836	440926732015700	440926719107680
440926718851742	440926740232680	440926719115180
440926735530336	440926748449971	440926735900753
440926752202524	440926797754189	440926784377367
440926768986378	440926805972159	440926784384347
440926785619555	440926814190388	440926785939399
440926828315909	440926838839971	440926828735180
440926828479867	440926847057680	440926828775180
440926845220649	440926855275492	440926845597003
440926861977784	440926896368721	440926882530961
440926878619242	440926904586585	440926882607159
440926918686117	440926929240804	440926919213305
440926919063930	440926937458617	440926919222992
440926935618305	440926953894815	440926936028461
440926952365492	440926994978356	440926981404867
440926968974972	440927003194815	440926981467680
440926985664399	440927011411534	440926986082003
440927037113930	440927052494867	440927037676117
440927037517992	440927060711742	440927037681430
440927054078721	440927068927888	440927054511742
440927070736899	440927101796742	440927087646378
440927087469503	440927110014711	440927087714346
440927126865024	440927142884607	440927127439711
440927127080180	440927151101221	440927127457367
440927143707367	440927159316898	440927144124971
440927160460961	440927175752836	440927160842784
440927177134659	440927216841273	440927201097471
440927193859086	440927225058044	440927201106586
440927233719034	440927249705023	440927234148149
440927233903305	440927257922627	440927234155492
440927250570023	440927266138617	440927251005023
440927267311273	440927282568461	440927267686534
440927283987055	440927323644346	440927305714398
440927300702159	440927331860909	440927305746898
440927342707055	440927356511533	440927343324711
440927342966117	440927364728252	440927343374086
440927359650492	9223372036854775807	440927360073409

POLL t=125.7 tick=2427
8333333
440936862142989	440936880670905	440936862761999
440936862367364	440936888887207	440936862779239
440936879004551	440936897102676	440936879419186
440936895692832	440936921752467	440936909505489
440936912405020	440936929969290	440936912812520
440936959722311	440936971054654	440936960335749
440936959939395	440936979273196	440936960345645
440936976604395	440936987492259	440936977001061
440936993286999	440937028575957	440937011089082
440937009985801	440937036792571	440937011094239
440937049198457	440937061441686	440937049736739
440937049396374	440937069658666	440937049767311
440937066108249	440937077876374	440937066516530
440937082790749	440937094311582	440937083191113
440937099443926	440937143612467	440937125231374
440937116206374	440937151830019	440937125256061
440937156818926	440937168264810	440937157394968
440937157027520	440937176482415	440937157402051
440937173672988	440937184700436	440937174092624
440937190384186	440937201135019	440937190819343
440937207050905	440937242218821	440937229968249
440937223815645	440937250436634	440937230025488
440937263417624	440937275089446	440937263970801
440937263647363	440937283306321	440937263978145
440937280383301	440937291521634	440937280807936
440937297008561	440937307954342	440937297382520
440937313715332	440937349037779	440937338327988
440937330404551	440937357256998	440937338349082
440937370397936	440937381912571	440937370972832
440937370605332	440937390130383	440937371006895
440937387290488	440937398347467	440937387697468
440937403923926	440937447651009	440937436152832
440937420664186	440937455868925	440937436158770
440937437318770	440937464087258	440937437683613
440937484804238	440937496958561	440937485230124
440937484979707	440937505175852	440937485268457
440937501688301	440937513393874	440937502136426
440937518330645	440937554483248	440937540300592
440937535000020	440937562700852	440937540681061
440937573561530	440937587356008	440937574110957
440937573789551	440937595573821	440937574117988
440937590441686	440937603792051	440937590878405
440937607154186	440937620225801	440937607525332
440937623807467	440937669532467	440937653050801
440937640522520	440937677750800	440937653197780
440937657151530	440937685969134	440937657552624
440937706855749	440937718838873	440937707441061
440937707003874	440937727055488	440937707475280
440937723727520	440937735273248	440937724315905
440937740447207	440937776360852	440937766394030
440937757106113	440937784578352	440937766472988
440937796672780	440937809229342	440937797081426
440937796861269	440937817446477	440937797102988
440937813607363	440937825663040	440937814053874
440937830268405	440937842095852	440937830647467
440937846946426	440937883178248	440937870933301
440937863640019	440937891395904	440937870953769
440937903471686	440937916048925	440937904143561
440937903640801	440937924266216	440937904154551
440937920401269	440937932484133	440937920845801
440937937057988	440937948919810	440937937437051
440937953731999	440937990012519	440937975335644
440937970420124	440937998233196	440937975369655
440938011044499	440938022891009	440938011687624
440938011248613	440938031111321	440938011705957
440938027906582	440938039331842	440938028424238
440938044694551	440938055771530	440938045203926
440938061305436	440938105085800	440938088301842
440938078007467	440938113304238	440938088361426
440938118997624	440938129741998	440938119607676
440938119371269	440938137961165	440938119655436
440938135914030	440938146181113	440938136351426
440938152584655	440938162618509	440938152958457
440938169300801	440938203712570	440938189629030
440938185941426	440938211931216	440938189681582
440938226602988	440938244802363	440938227100332
440938226795644	440938253021321	440938227106842
440938243521998	440938261240592	440938243912988
440938260296894	440938302329966	440938291480592
440938276988561	440938310548040	440938291489551
440938293596582	440938318764603	440938293953769
440938343378144	440938359852154	440938344073092
440938343895176	440938368069759	440938344123457
440938360334863	440938376287571	440938360579811
440938377025280	440938400941373	440938389554082
440938393637155	440938409159759	440938393878405
440938440196842	440938458471373	440938440697050
440938440497988	440938466689498	440938440704342
440938457169707	440938474906894	440938457549967
440938473891894	440938507780331	440938492729030
440938490491582	440938515997154	440938492737623
440938532166738	440938548862935	440938532602988
440938532461217	440938557078925	440938532640332
440938549209342	440938565296165	440938549431738
440938565826217	440938606384029	440938590638300
440938582585488	440938614600852	440938590651425
440938623415644	440938639248717	440938623962988
440938623654707	440938647464550	440938623970175
440938640557623	440938655681529	440938640942675
440938657063405	440938672114186	440938657446425
440938673777780	440938713198456	440938697427675
440938690494394	440938721416529	440938697437675
440938731522832	440938746063925	440938732155332
440938731783300	440938754281268	440938732171998
440938748493769	440938762498821	440938748883769
440938765127363	440938778934029	440938765508405
440938781851686	440938811800852	440938800673457
440938798550280	440938820018613	440938800716425
440938836857467	440938852890227	440938837264863
440938837094550	440938861107675	440938837270904
440938853843769	440938869326217	440938854186686
440938870444238	440938918629029	440938904049082
440938887128925	440938926845592	440938904103769
440938904581061	440938935062466	440938904857936
440938945200123	440938959711946	440938945751425
440938945389082	440938967927414	440938945759029
440938962105644	440938976142102	440938962664967
440938978801686	440938992572154	440938979175800
440938995453613	440939033649811	440939023342832
440939012188925	440939041866581	440939023352154
440939053080644	440939066519341	440939053621581
440939053290175	440939074736789	440939053628613
440939069988404	440939082953352	440939070387936
440939086643769	440939099386268	440939087014967
440939103289238	440939148683404	440939132728404
440939120026998	9223372036854775807	440939132771581
440939136699654	9223372036854775807	440939137061529

