window ticks 1980->2566 wall 22.78 s (units: 10 ms per state)
--- cpu0 freq_Hz delta_10ms
384000 0
556800 0
748800 0
960000 0
1152000 0
1363200 0
1555200 0
1785600 472
1996800 41
2227200 17
2400000 6
2745600 7
2918400 1
3072000 2
3321600 3
3532800 1731
--- cpu1 freq_Hz delta_10ms
384000 0
556800 0
748800 0
960000 0
1152000 0
1363200 0
1555200 0
1785600 474
1996800 41
2227200 18
2400000 6
2745600 7
2918400 1
3072000 2
3321600 3
3532800 1727
--- cpu2 freq_Hz delta_10ms
384000 0
556800 0
748800 0
960000 0
1152000 0
1363200 0
1555200 0
1785600 474
1996800 43
2227200 18
2400000 6
2745600 7
2918400 1
3072000 2
3321600 3
3532800 1723
--- cpu3 freq_Hz delta_10ms
384000 0
556800 0
748800 0
960000 0
1152000 0
1363200 0
1555200 0
1785600 477
1996800 43
2227200 19
2400000 6
2745600 7
2918400 1
3072000 2
3321600 3
3532800 1720
--- cpu4 freq_Hz delta_10ms
384000 0
556800 0
748800 0
960000 0
1152000 0
1363200 0
1555200 0
1785600 480
1996800 43
2227200 19
2400000 6
2745600 7
2918400 1
3072000 2
3321600 3
3532800 1716
--- cpu5 freq_Hz delta_10ms
384000 0
556800 0
748800 0
960000 0
1152000 0
1363200 0
1555200 0
1785600 481
1996800 44
2227200 20
2400000 6
2745600 7
2918400 1
3072000 2
3321600 3
3532800 1714
--- cpu6 freq_Hz delta_10ms
1017600 0
1209600 0
1401600 0
1689600 0
1958400 0
2246400 107
2438400 18
2649600 29
2841600 28
3072000 31
3283200 32
3513600 52
3801600 649
4089600 577
4204800 116
4320000 640
--- cpu7 freq_Hz delta_10ms
1017600 0
1209600 0
1401600 0
1689600 0
1958400 0
2246400 107
2438400 18
2649600 29
2841600 28
3072000 31
3283200 32
3513600 52
3801600 649
4089600 576
4204800 116
4320000 641
gpu_freqs: 1100000000 1050000000 967000000 900000000 832000000 734000000 660000000 607000000 525000000 443000000 389000000 342000000 222000000 160000000
gpu_clock_stats_delta: 0 0 0 0 0 0 13660519 0 0 0 0 0 0 0
