window ticks 1984->2573 wall 24.86 s (units: 10 ms per state)
--- cpu0 freq_Hz delta_10ms
384000 0
556800 0
748800 0
960000 0
1152000 0
1363200 0
1555200 0
1785600 485
1996800 35
2227200 15
2400000 10
2745600 9
2918400 6
3072000 0
3321600 2
3532800 1925
--- cpu1 freq_Hz delta_10ms
384000 0
556800 0
748800 0
960000 0
1152000 0
1363200 0
1555200 0
1785600 488
1996800 35
2227200 16
2400000 10
2745600 9
2918400 6
3072000 0
3321600 2
3532800 1921
--- cpu2 freq_Hz delta_10ms
384000 0
556800 0
748800 0
960000 0
1152000 0
1363200 0
1555200 0
1785600 492
1996800 35
2227200 16
2400000 11
2745600 9
2918400 6
3072000 0
3321600 2
3532800 1917
--- cpu3 freq_Hz delta_10ms
384000 0
556800 0
748800 0
960000 0
1152000 0
1363200 0
1555200 0
1785600 495
1996800 35
2227200 16
2400000 11
2745600 9
2918400 6
3072000 0
3321600 2
3532800 1914
--- cpu4 freq_Hz delta_10ms
384000 0
556800 0
748800 0
960000 0
1152000 0
1363200 0
1555200 0
1785600 498
1996800 36
2227200 16
2400000 11
2745600 9
2918400 6
3072000 0
3321600 2
3532800 1911
--- cpu5 freq_Hz delta_10ms
384000 0
556800 0
748800 0
960000 0
1152000 0
1363200 0
1555200 0
1785600 500
1996800 36
2227200 16
2400000 11
2745600 9
2918400 6
3072000 0
3321600 2
3532800 1908
--- cpu6 freq_Hz delta_10ms
1017600 0
1209600 0
1401600 0
1689600 0
1958400 0
2246400 103
2438400 16
2649600 27
2841600 38
3072000 57
3283200 38
3513600 45
3801600 800
4089600 617
4204800 123
4320000 625
--- cpu7 freq_Hz delta_10ms
1017600 0
1209600 0
1401600 0
1689600 0
1958400 0
2246400 104
2438400 16
2649600 27
2841600 38
3072000 57
3283200 38
3513600 45
3801600 798
4089600 616
4204800 125
4320000 627
gpu_freqs: 1100000000 1050000000 967000000 900000000 832000000 734000000 660000000 607000000 525000000 443000000 389000000 342000000 222000000 160000000
gpu_clock_stats_delta: 0 0 0 0 0 0 14744536 0 0 0 0 0 0 0
