window ticks 5314->5314 wall 1.08 s (units: 10 ms per state)
--- cpu0 freq_Hz delta_10ms
384000 0
556800 0
748800 0
960000 0
1152000 0
1363200 0
1555200 0
1785600 40
1996800 20
2227200 14
2400000 10
2745600 9
2918400 5
3072000 4
3321600 7
3532800 9
--- cpu1 freq_Hz delta_10ms
384000 0
556800 0
748800 0
960000 0
1152000 0
1363200 0
1555200 0
1785600 45
1996800 21
2227200 15
2400000 9
2745600 9
2918400 5
3072000 4
3321600 7
3532800 9
--- cpu2 freq_Hz delta_10ms
384000 0
556800 0
748800 0
960000 0
1152000 0
1363200 0
1555200 0
1785600 45
1996800 22
2227200 16
2400000 9
2745600 9
2918400 5
3072000 3
3321600 7
3532800 9
--- cpu3 freq_Hz delta_10ms
384000 0
556800 0
748800 0
960000 0
1152000 0
1363200 0
1555200 0
1785600 45
1996800 22
2227200 15
2400000 11
2745600 9
2918400 5
3072000 2
3321600 7
3532800 9
--- cpu4 freq_Hz delta_10ms
384000 0
556800 0
748800 0
960000 0
1152000 0
1363200 0
1555200 0
1785600 52
1996800 22
2227200 14
2400000 11
2745600 9
2918400 4
3072000 2
3321600 7
3532800 10
--- cpu5 freq_Hz delta_10ms
384000 0
556800 0
748800 0
960000 0
1152000 0
1363200 0
1555200 0
1785600 51
1996800 22
2227200 15
2400000 12
2745600 9
2918400 4
3072000 2
3321600 7
3532800 10
--- cpu6 freq_Hz delta_10ms
1017600 0
1209600 0
1401600 0
1689600 0
1958400 0
2246400 3
2438400 1
2649600 1
2841600 2
3072000 4
3283200 1
3513600 3
3801600 3
4089600 3
4204800 6
4320000 102
--- cpu7 freq_Hz delta_10ms
1017600 0
1209600 0
1401600 0
1689600 0
1958400 0
2246400 3
2438400 1
2649600 1
2841600 2
3072000 4
3283200 1
3513600 3
3801600 3
4089600 3
4204800 6
4320000 102
gpu_freqs: 1100000000 1050000000 967000000 900000000 832000000 734000000 660000000 607000000 525000000 443000000 389000000 342000000 222000000 160000000
gpu_clock_stats_delta: 0 0 417439 13977 10420 497834 28904 0 0 0 0 0 0 0
