window ticks 1978->2547 wall 23.75 s (units: 10 ms per state)
--- cpu0 freq_Hz delta_10ms
384000 0
556800 0
748800 0
960000 0
1152000 0
1363200 0
1555200 0
1785600 449
1996800 36
2227200 17
2400000 12
2745600 13
2918400 4
3072000 4
3321600 3
3532800 1836
--- cpu1 freq_Hz delta_10ms
384000 0
556800 0
748800 0
960000 0
1152000 0
1363200 0
1555200 0
1785600 452
1996800 37
2227200 18
2400000 12
2745600 13
2918400 4
3072000 4
3321600 3
3532800 1832
--- cpu2 freq_Hz delta_10ms
384000 0
556800 0
748800 0
960000 0
1152000 0
1363200 0
1555200 0
1785600 454
1996800 38
2227200 18
2400000 12
2745600 13
2918400 4
3072000 4
3321600 3
3532800 1827
--- cpu3 freq_Hz delta_10ms
384000 0
556800 0
748800 0
960000 0
1152000 0
1363200 0
1555200 0
1785600 456
1996800 38
2227200 18
2400000 12
2745600 14
2918400 4
3072000 4
3321600 3
3532800 1823
--- cpu4 freq_Hz delta_10ms
384000 0
556800 0
748800 0
960000 0
1152000 0
1363200 0
1555200 0
1785600 458
1996800 39
2227200 18
2400000 12
2745600 14
2918400 4
3072000 4
3321600 3
3532800 1819
--- cpu5 freq_Hz delta_10ms
384000 0
556800 0
748800 0
960000 0
1152000 0
1363200 0
1555200 0
1785600 461
1996800 39
2227200 18
2400000 12
2745600 14
2918400 4
3072000 4
3321600 3
3532800 1816
--- cpu6 freq_Hz delta_10ms
1017600 0
1209600 0
1401600 0
1689600 0
1958400 0
2246400 100
2438400 16
2649600 26
2841600 29
3072000 32
3283200 33
3513600 38
3801600 722
4089600 612
4204800 133
4320000 632
--- cpu7 freq_Hz delta_10ms
1017600 0
1209600 0
1401600 0
1689600 0
1958400 0
2246400 101
2438400 16
2649600 26
2841600 29
3072000 32
3283200 33
3513600 39
3801600 720
4089600 611
4204800 133
4320000 633
gpu_freqs: 1100000000 1050000000 967000000 900000000 832000000 734000000 660000000 607000000 525000000 443000000 389000000 342000000 222000000 160000000
gpu_clock_stats_delta: 0 0 0 0 0 0 13768636 0 0 0 0 0 0 0
