window ticks 1981->2548 wall 25.17 s (units: 10 ms per state)
--- cpu0 freq_Hz delta_10ms
384000 0
556800 0
748800 0
960000 0
1152000 0
1363200 0
1555200 0
1785600 550
1996800 47
2227200 20
2400000 5
2745600 11
2918400 2
3072000 1
3321600 5
3532800 1884
--- cpu1 freq_Hz delta_10ms
384000 0
556800 0
748800 0
960000 0
1152000 0
1363200 0
1555200 0
1785600 554
1996800 47
2227200 21
2400000 5
2745600 11
2918400 2
3072000 1
3321600 5
3532800 1879
--- cpu2 freq_Hz delta_10ms
384000 0
556800 0
748800 0
960000 0
1152000 0
1363200 0
1555200 0
1785600 558
1996800 48
2227200 21
2400000 5
2745600 11
2918400 2
3072000 1
3321600 5
3532800 1874
--- cpu3 freq_Hz delta_10ms
384000 0
556800 0
748800 0
960000 0
1152000 0
1363200 0
1555200 0
1785600 560
1996800 48
2227200 21
2400000 5
2745600 11
2918400 2
3072000 1
3321600 5
3532800 1871
--- cpu4 freq_Hz delta_10ms
384000 0
556800 0
748800 0
960000 0
1152000 0
1363200 0
1555200 0
1785600 563
1996800 48
2227200 21
2400000 5
2745600 11
2918400 2
3072000 1
3321600 5
3532800 1867
--- cpu5 freq_Hz delta_10ms
384000 0
556800 0
748800 0
960000 0
1152000 0
1363200 0
1555200 0
1785600 566
1996800 48
2227200 21
2400000 5
2745600 11
2918400 2
3072000 1
3321600 5
3532800 1864
--- cpu6 freq_Hz delta_10ms
1017600 0
1209600 0
1401600 0
1689600 0
1958400 0
2246400 122
2438400 17
2649600 28
2841600 50
3072000 45
3283200 21
3513600 49
3801600 798
4089600 607
4204800 116
4320000 672
--- cpu7 freq_Hz delta_10ms
1017600 0
1209600 0
1401600 0
1689600 0
1958400 0
2246400 122
2438400 17
2649600 28
2841600 50
3072000 45
3283200 21
3513600 49
3801600 796
4089600 606
4204800 116
4320000 674
gpu_freqs: 1100000000 1050000000 967000000 900000000 832000000 734000000 660000000 607000000 525000000 443000000 389000000 342000000 222000000 160000000
gpu_clock_stats_delta: 0 0 0 0 0 0 14531508 0 0 0 0 0 0 0
