POLL t=10.5 tick=599
8333333
447129192591616	447129205474949	447129192875731
447129208983960	447129221911094	447129209269741
447129225619116	447129238345626	447129225899168
447129242514585	447129254782970	447129242784637
447129259194168	447129271221303	447129259469585
447129276313856	447129287657606	447129276597137
447129292367762	447129304094897	447129292655731
447129309057137	447129320530418	447129309334116
447129325750053	447129336968439	447129326018387
447129342377762	447129353405782	447129342661616
447129358968855	447129369844428	447129359242710
447129375892605	447129386283439	447129376172241
447129392497605	447129402721147	447129392771980
447129404641460	447129419158802	447129404835730
447129428736824	447129443812605	447129429007710
447129442339637	447129460249116	447129442619272
447129459071616	447129476684428	447129459351772
447129475925887	447129493120730	447129476205991
447129492372085	447129509558542	447129492648230
447129509003543	447129525996980	447129509313022
447129525663960	447129542432918	447129525970418
447129542314324	447129558869116	447129542594793
447129559177918	447129575304844	447129559466512
447129575981460	447129591743543	447129576268387
447129592418230	447129608178282	447129592692241
447129604613230	447129616397240	447129604803699
447129628810210	447129641047865	447129629092449
447129642312605	447129657482240	447129642615418
447129659024793	447129673918959	447129659301147
447129675899324	447129690354948	447129676166824
447129692570574	447129706790053	447129692854324
447129709123230	447129723226355	447129709396147
447129725691980	447129739664115	447129725961355
447129742474585	447129756101771	447129742759897
447129759152762	447129772540730	447129759426824
447129776041460	447129788974740	447129776309793
447129792460574	447129805406563	447129792733387
447129804731668	447129821839793	447129804920522
447129828951668	447129846494271	447129829229272
447129842356668	447129854712032	447129842633387
447129858950053	447129871147396	447129859225522
447129875951668	447129887583907	447129876374324
447129892475262	447129904020729	447129892747084
447129909035522	447129920456772	447129909303387
447129925650730	447129936891355	447129925927553
447129942289949	447129953325626	447129942565418
447129959059949	447129969758282	447129959329480
447129975770418	447129994414480	447129975985053
447129992488699	447130010848646	447129992768387
447130004641512	447130019067709	447130004846199
447130028865418	447130043719532	447130029144011
447130042327449	447130060155469	447130042607709
447130058949168	447130076591459	447130059241355
447130075752136	447130093028386	447130075986043
447130092578647	447130109465729	447130092844793
447130109055366	447130125902708	447130109338230
447130125584741	447130142341771	447130125861616
447130142442761	447130158781980	447130142645418
447130159202136	447130175222448	447130159484480
447130175715574	447130191661980	447130175961355
447130192578855	447130208101407	447130192858282
447130209280418	447130224542969	447130209566616
447130226093386	447130240981563	447130226369480
447130242384272	447130257418386	447130242654584
447130259059897	447130273854480	447130259349793
447130275532136	447130290293438	447130276061668
447130292420886	447130306729532	447130292704793
447130309207918	447130323165938	447130309484636
447130321370366	447130339604323	447130321539011
447130345240105	447130356040625	447130345518230
447130359193959	447130372475938	447130359475418
447130375757918	447130388911251	447130376245053
447130392612449	447130405349532	447130392878282
447130404651511	447130421787448	447130404847084
447130428704636	447130446442188	447130428985105
447130442349324	447130454660313	447130442635886
447130459140418	447130471097240	447130459415105
447130475817761	447130487531928	447130476066043
447130492522449	447130503967917	447130492804740
447130509202449	447130520404844	447130509480886
447130525785990	447130536841459	447130526065261
447130542517293	447130553278594	447130542778855
447130559154428	447130569717136	447130559423230
447130575882293	447130594375105	447130576170418
447130592783334	447130610815833	447130593057293
447130609498803	447130627255729	447130609790990
447130626091355	447130643695469	447130626376980
447130642574949	447130660135001	447130642852709
447130659362761	447130676570938	447130659661928
447130676192605	447130693006251	447130676702188
447130692928855	447130709442813	447130693208647
447130709454324	447130725880208	447130709731667
447130726160678	447130742319011	447130726433647
447130743010886	447130758758803	447130743289740
447130759815574	447130775199323	447130760082917
447130776378386	447130791640000	447130776719272
447130793040886	447130808078282	447130793323699
447130804671772	447130816297657	447130804918230
447130830024167	447130840955156	447130830302449
447130843116355	447130857393073	447130843386667
447130859772865	447130873831251	447130860048542
447130876508959	447130890271094	447130876918074
447130893377553	447130906708855	447130893652605
447130909807449	447130923145313	447130910087553
447130926549897	447130939583802	447130926815574
447130943266615	447130956021563	447130943543542
447130960105261	447130972460625	447130960336355
447130976623230	447130988896511	447130977001199
447130993176355	447131005334011	447130993451042
447131009811042	447131021772448	447131010092136
447131026631928	447131038209792	447131026923386
447131043283699	447131054646407	447131043557136
447131059863386	447131071082917	447131060108230
447131076463647	447131087520521	447131076737397
447131093289792	447131103959687	447131093579011
447131109626355	447131120397969	447131109896980
447131126194792	447131136838959	447131126486980
447131142972292	447131153277552	447131143246771
447131159596824	447131169716927	447131159845678
447131176202136	447131194374323	447131176460365
447131209694480	447131227249844	447131209975209
447131212436303	447131235468958	447131212724740
447131243063386	447131260126146	447131243339792
447131245859949	447131268345521	447131246189896
447131270083699	447131284782917	447131270362136
447131283590261	447131301223802	447131283863386
447131299558021	447131317663386	447131299828334

POLL t=22.1 tick=1200
8333333
447140643017237	447140653656819	447140643289112
447140659591820	447140670093746	447140659874737
447140676206924	447140686528643	447140676500049
447140692826924	447140702963694	447140693107549
447140709671507	447140727617289	447140709951820
447140726331664	447140744051768	447140726607549
447140742922757	447140760484840	447140743196820
447140759508487	447140776917965	447140759785101
447140776332914	447140793350153	447140776644424
447140792901924	447140809785205	447140793176924
447140810008539	447140826217965	447140810299945
447140826473174	447140842651976	447140826759893
447140842927549	447140859086768	447140843203851
447140859571612	447140875520466	447140859857289
447140876559737	447140891952132	447140876845362
447140893354320	447140908384632	447140893639737
447140909909632	447140924816091	447140910191195
447140926167601	447140941250309	447140926458539
447140943018382	447140957686559	447140943292861
447140959754111	447140974122704	447140960042080
447140976390570	447140990559632	447140976660361
447140992896455	447141006997652	447140993166143
447141009865414	447141023435101	447141010170882
447141026362757	447141039870881	447141026641507
447141042905414	447141056303226	447141043195414
447141059885986	447141072734684	447141060115778
447141076375361	447141089168173	447141076659320
447141092875882	447141105602966	447141093161820
447141110182289	447141122037444	447141110471924
447141126294164	447141138472861	447141126561820
447141143203643	447141154907288	447141143458695
447141159713695	447141171340882	447141159997132
447141176183695	447141187776715	447141176459163
447141192968174	447141204214840	447141193244788
447141210299320	447141220652913	447141210586768
447141226335257	447141237089892	447141226610101
447141242778070	447141253525570	447141243055413
447141259381820	447141269963486	447141259678226
447141276258643	447141286400778	447141276557601
447141293075257	447141311057860	447141293354424
447141310270570	447141327497757	447141310545674
447141326150101	447141343936454	447141326447913
447141342797288	447141360372340	447141343090101
447141359698382	447141376809476	447141359970257
447141376489007	447141393246402	447141376756351
447141392964632	447141409684579	447141393251195
447141410105413	447141426123225	447141410387080
447141426383226	447141442561142	447141426656507
447141443109632	447141458997079	447141443375570
447141459701195	447141475435152	447141459961038
447141476267080	447141491873278	447141476546507
447141493363070	447141508313382	447141493652601
447141510306507	447141524753381	447141510596663
447141526373695	447141541196351	447141526660049
447141542903851	447141557637809	447141543180570
447141559468695	447141574077808	447141559754424
447141576302601	447141590514007	447141576592757
447141593275570	447141606949371	447141593548174
447141610273851	447141623383017	447141610546976
447141626256351	447141639820152	447141626532080
447141642931663	447141656253277	447141643205257
447141659654945	447141672688590	447141659930205
447141676391038	447141689124059	447141676672445
447141693004424	447141705558538	447141693307080
447141710169788	447141721994059	447141710459945
447141726186976	447141738435934	447141726470882
447141742952601	447141754873798	447141743245361
447141759761820	447141771310204	447141760046611
447141776242549	447141787745257	447141776527080
447141792806195	447141804178850	447141793080986
447141810198382	447141820612444	447141810481611
447141826334111	447141837046975	447141826617444
447141842962913	447141853482444	447141843235101
447141859470049	447141869917809	447141859748382
447141876451976	447141894572131	447141876733069
447141893138851	447141911007392	447141893416507
447141910224111	447141927443381	447141910507288
447141926453955	447141943879736	447141926730205
447141943511142	447141960315360	447141943785361
447141959891663	447141976750985	447141960167757
447141976373226	447141993185308	447141976643226
447141993076663	447142009620100	447141993369788
447142010588069	447142026056194	447142010879788
447142026423382	447142042490986	447142026692601
447142043312913	447142058924683	447142043639007
447142059865882	447142075358433	447142060130569
447142076566767	447142091795048	447142076849788
447142093481819	447142108230934	447142093755830
447142110349944	447142124665517	447142110633069
447142126349476	447142141099892	447142126623017
447142143085413	447142157534215	447142143371924
447142159796819	447142173969892	447142160075882
447142176637444	447142190403850	447142176915413
447142193116976	447142206838173	447142193401507
447142210182757	447142223273121	447142210477757
447142226371507	447142239708381	447142226652601
447142243149476	447142256143850	447142243423642
447142259821038	447142272578486	447142260098642
447142276422392	447142289012132	447142276693538
447142292726819	447142305445204	447142293009632
447142309726611	447142321874736	447142310008226
447142325752601	447142338306975	447142326024944
447142342509111	447142354740204	447142342794111
447142358959476	447142371174058	447142359237548
447142375680517	447142387606871	447142375967288
447142392579788	447142404038433	447142392846351
447142409725569	447142420468641	447142410015205
447142425786351	447142436898277	447142426060882
447142442289319	447142453329215	447142442566298
447142458989423	447142469758538	447142459268330
447142475864944	447142486189475	447142476104319
447142492280882	447142502622131	447142492556507
447142509510569	447142527270933	447142509777757
447142525747548	447142543705933	447142526069736
447142542477913	447142560141193	447142542750725
447142558954319	447142576576454	447142559228017
447142575531611	447142593012964	447142575820257
447142592411923	447142609446194	447142592695413
447142608593225	447142625880725	447142608875100
447142625096819	447142642314735	447142625377288
447142641395569	447142658748329	447142641669319
447142657964007	447142675179683	447142658244475
447142674770569	447142691612079	447142675040257
447142691606611	447142708044631	447142691890673
447142708850569	447142724475933	447142709139580
447142725063017	447142740908902	447142725326819
447142741386298	447142757340621	447142741671194

POLL t=33.6 tick=1626
8333333
447152262448326	447152274345721	447152262704472
447152279051191	447152290788065	447152289133013
447152302583482	447152315449732	447152302866190
447152312425045	447152323670617	447152312695722
447152329150982	447152340113690	447152329500357
447152345790253	447152356554888	447152346035201
447152362431815	447152372997388	447152362699472
447152379120097	447152397661867	447152389680045
447152402562909	447152414102701	447152402853951
447152412447232	447152430543898	447152412705409
447152429096972	447152446986502	447152429441347
447152445733638	447152463429419	447152445986815
447152462459472	447152479874524	447152462698690
447152479097128	447152496317804	447152488297545
447152502591972	447152520982909	447152502879472
447152512367597	447152529205097	447152512627753
447152529059888	447152545648169	447152529397701
447152545884107	447152562094210	447152546139628
447152562486815	447152578538899	447152562729003
447152579096503	447152594983847	447152587032753
447152602636295	447152619646658	447152602914003
447152612420201	447152627867023	447152612684940
447152629106972	447152644307857	447152629457857
447152645826763	447152660749003	447152646084472
447152662511295	447152677190930	447152662755722
447152679109263	447152693630200	447152688394472
447152702671920	447152718288533	447152702959420
447152712415722	447152726508898	447152712668222
447152729133482	447152742948898	447152729490565
447152745800409	447152759389783	447152746049628
447152762454315	447152775831190	447152762711972
447152779055513	447152792269783	447152791384419
447152802494628	447152816925773	447152802783690
447152812492753	447152825144679	447152812710409
447152829146034	447152841582231	447152829488794
447152845758378	447152858020825	447152846004472
447152862424003	447152874458013	447152862685201
447152879131659	447152890898326	447152888447753
447152902699472	447152915556242	447152902976972
447152912421138	447152923776294	447152912670201
447152929069576	447152940215356	447152929413951
447152945809159	447152956654679	447152946065253
447152962486503	447152973092231	447152962734315
447152979167701	447152989528169	447152982036607
447153005403326	447153022402804	447153005692388
447153012394159	447153030622909	447153012664003
447153029125096	447153047060304	447153029466659
447153045798534	447153063494314	447153046048221
447153062426451	447153079933117	447153073166971
447153085925669	447153096371138	447153086204628
447153095741190	447153112810668	447153096028690
447153112525357	447153129249731	447153112762857
447153129053846	447153145687908	447153129402596
447153145846815	447153162122491	447153146008065
447153162582232	447153178560044	447153169630409
447153186112284	447153203215253	447153186381659
447153195786503	447153211433689	447153196079628
447153212463221	447153227873481	447153212714628
447153229063169	447153244312543	447153229412440
447153245845878	447153260750877	447153246090617
447153262466346	447153277187960	447153272648169
447153286947128	447153301847127	447153287211815
447153295709940	447153310065825	447153295970096
447153312479784	447153326503898	447153312698846
447153329157284	447153342943013	447153329494576
447153345813169	447153359383742	447153346053065
447153362486971	447153375823690	447153371346138
447153385908221	447153400481971	447153386197440
447153395767909	447153408702961	447153396077857
447153412491503	447153425144262	447153412739003
447153429188690	447153441584783	447153429487284
447153445792596	447153458027700	447153446059628
447153462421190	447153474468273	447153470355357
447153486281346	447153499127335	447153486565253
447153495793378	447153507346711	447153496082544
447153512493846	447153523782596	447153512743534
447153529116607	447153540220253	447153529462544
447153545856138	447153556655929	447153546117700
447153562482388	447153573093273	447153572831919
447153586079107	447153597752387	447153586346346
447153595863690	447153605972179	447153596109732
447153612493221	447153630635200	447153612745044
447153629125877	447153647076867	447153629467284
447153645848221	447153663514627	447153646101294
447153662507909	447153679954210	447153662756763
447153679159732	447153696395356	447153679423377
447153703781138	447153721057283	447153704073221
447153712425096	447153729279991	447153712687232
447153729166502	447153745721866	447153729546502
447153745881346	447153762163637	447153746096034
447153762555096	447153778602439	447153762790200
447153779149002	447153795041606	447153781427909
447153802880096	447153819702283	447153803160982
447153812527857	447153827922127	447153812779315
447153829185252	447153844362856	447153829535877
447153845819471	447153860803950	447153846079315
447153862477127	447153877244158	447153862739732
447153879148846	447153893681814	447153879398534
447153895850200	447153910118585	447153896117127
447153920265513	447153934777335	447153920544107
447153929147440	447153942997179	447153929488325
447153945869732	447153959436762	447153946124627
447153962477544	447153975877648	447153962732596
447153979136659	447153992317543	447153979386190
447153995868169	447154008758273	447154000124159
447154019418377	447154033413117	447154019696502
447154029137284	447154041631867	447154029486034
447154045771815	447154058071346	447154046031346
447154062459575	447154074513377	447154062701815
447154079136763	447154090951241	447154079397284
447154095802596	447154107391033	447154106808794
447154119360200	447154132050304	447154119632231
447154129168690	447154140270252	447154129488169
447154145812596	447154156711502	447154146077752
447154162474784	447154173153898	447154162717752
447154179140721	447154189594158	447154179399419
447154195808794	447154214252439	447154206551971
447154219212752	447154230692179	447154219487440
447154229191034	447154247131658	447154229492440
447154245822596	447154263571606	447154246076763
447154262414106	447154280014158	447154262670200
447154279164471	447154296456398	447154279409315
447154295874783	447154312899262	447154307075096
447154319298846	447154329340147	447154319568638
447154329128065	447154345780616	447154329480408
447154345832231	447154362220252	447154346102127
447154362554575	447154378657595	447154362794627

POLL t=45.2 tick=1770
8333333
447163929379311	447163946013894	447163929529728
447163953411342	447163970670144	447163953707749
447163962770092	447163978889050	447163963010040
447163979363530	447163995325717	447163979720821
447163996031811	447164011762800	447163996256446
447164012752749	447164028199727	447164013000665
447164029374624	447164044634935	447164029630405
447164045968321	447164061071081	447164046383790
447164070177280	447164085731290	447164070451759
447164079333374	447164093950509	447164079684936
447164096061186	447164110389310	447164096297123
447164112671655	447164126825769	447164112926446
447164129331186	447164143264832	447164129596759
447164146025353	447164159702905	447164150012592
447164170254884	447164184360925	447164170552384
447164179294936	447164192580404	447164179659623
447164196069780	447164209020612	447164196285405
447164212720978	447164225461655	447164212973217
447164229393530	447164241904727	447164229654311
447164246097592	447164266565404	447164261175092
447164262675092	447164274784884	447164262932853
447164286951759	447164299441654	447164287223842
447164295996759	447164307661602	447164296261342
447164312837592	447164324099363	447164313034780
447164329430509	447164340537123	447164329677905
447164346019571	447164356975248	447164346281759
447164362678009	447164373413478	447164371636186
447164386907905	447164398073998	447164387194311
447164396076498	447164414514987	447164396321186
447164412724467	447164430955404	447164412977280
447164429350561	447164447396967	447164429612905
447164446002071	447164463837019	447164446260561
447164462753373	447164480276550	447164477913686
447164479344936	447164496718217	447164479619884
447164503699311	447164521378946	447164503966967
447164512679467	447164529599414	447164512938061
447164529462280	447164546039362	447164529709102
447164546031602	447164562479674	447164546279727
447164562710405	447164578918477	447164562974727
447164579339259	447164595356914	447164594587540
447164596109936	447164611795144	447164596368842
447164620512592	447164636450456	447164620786759
447164629336498	447164644669779	447164629591811
447164646079467	447164661108477	447164646324311
447164662737436	447164677547487	447164662979259
447164679357592	447164693989154	447164679708946
447164695997384	447164710430820	447164700078530
447164720705092	447164735092175	447164720986811
447164729386655	447164743313789	447164729636342
447164746097279	447164759755039	447164746351915
447164762763946	447164776195300	447164763018686
447164779352904	447164792634466	447164779716186
447164796063842	447164817293321	447164811477592
447164812700196	447164825514050	447164812977123
447164837407436	447164850174831	447164837674467
447164846055092	447164858395247	447164846329154
447164862707592	447164874838893	447164862960404
447164879342696	447164891279415	447164879691967
447164896099779	447164907721915	447164896329154
447164912760561	447164924165612	447164917305509
447164937193321	447164948828112	447164937487436
447164946066342	447164957048425	447164946327904
447164962766811	447164973490873	447164963006602
447164979359467	447164989933946	447164979725040
447164996215977	447165014596654	447164996423842
447165012702852	447165031038945	447165027779727
447165029381654	447165047482435	447165029645509
447165053902592	447165072149102	447165054177123
447165062820092	447165080371342	447165063012904
447165079352279	447165096815768	447165079700040
447165096108529	447165113260300	447165096368686
447165112750561	447165129700613	447165112997123
447165129350092	447165146142487	447165145030561
447165146079884	447165162584831	447165146358321
447165170716602	447165187245560	447165171015092
447165179417540	447165195466810	447165179631498
447165196172436	447165211909363	447165196392904
447165212748321	447165228351549	447165213000196
447165229406186	447165244794883	447165229662748
447165246086654	447165261235404	447165246338842
447165262825248	447165277674102	447165265559936
447165287509623	447165302331498	447165287791758
447165296092748	447165310552383	447165296349936
447165312771133	447165326993842	447165313013633
447165329428477	447165343433893	447165329687383
447165346105404	447165359873737	447165346367383
447165362797279	447165376314518	447165363060352
447165379365977	447165392756446	447165381231967
447165403966498	447165417417748	447165404254571
447165412780873	447165425638372	447165413036498
447165429436810	447165442078633	447165429709935
447165446112696	447165458521029	447165446361133
447165462771185	447165474963477	447165463025404
447165479362123	447165491404518	447165479770873
447165496172123	447165507846133	447165501824467
447165520607123	447165532507123	447165520898633
447165529382852	447165540728476	447165529637279
447165546079154	447165557170716	447165546340977
447165562711967	447165573614102	447165562972540
447165579355352	447165590056706	447165579584467
447165596117540	447165614720820	447165608850821
447165620572279	447165631164101	447165620846810
447165629398217	447165647605925	447165629650665
447165646072904	447165664048164	447165646315873
447165662816290	447165680486393	447165663070873
447165679389154	447165696927122	447165679655092
447165696056498	447165713364987	447165696399310
447165712681654	447165729805039	447165720497748
447165737397123	447165754470039	447165737666185
447165746065873	447165762691341	447165746381967
447165762726654	447165779132695	447165762996185
447165779452279	447165795572278	447165779707748
447165796048373	447165812013737	447165796381654
447165812698998	447165828455560	447165812967852
447165829370248	447165844896393	447165832144623
447165854333529	447165869555977	447165854625873
447165862842748	447165877776237	447165862983842
447165879387539	447165894216602	447165879651029
447165896078373	447165910657904	447165896399623
447165912760248	447165927100247	447165913019779
447165929414310	447165943542904	447165929675092
447165946088998	447165959981914	447165946578529
447165970931758	447165984640507	447165971264258
447165979419779	447165992860664	447165979671446
447165996155039	447166009301029	447165996503998
447166012748842	447166025742695	447166013007904
447166029402696	9223372036854775807	447166029661289

POLL t=57.2 tick=1869
8333333
447175720547432	447175733272587	447175720835244
447175729576598	447175741493993	447175729855817
447175746310557	447175757937066	447175746573994
447175762938369	447175774382326	447175763200869
447175779688682	447175790825348	447175779932744
447175796321963	447175807268004	447175804565244
447175820436754	447175831930192	447175820714463
447175829623317	447175840150921	447175829886650
447175846325244	447175864811338	447175846587848
447175862993213	447175881252483	447175863257067
447175879647119	447175897692692	447175879903525
447175896303213	447175914137327	447175906920869
447175920495869	447175938798108	447175920767900
447175929611338	447175947016546	447175929875192
447175946318004	447175963456181	447175946575869
447175962922900	447175979897951	447175963194150
447175979640192	447175996340660	447175979899879
447175996318369	447176012783056	447176010107119
447176019213473	447176037448004	447176019500400
447176029641181	447176045669097	447176029922379
447176046325713	447176062111285	447176046547431
447176062937275	447176078552796	447176063202431
447176079666442	447176094994671	447176079900869
447176096321181	447176111435348	447176110565869
447176113000348	447176127875660	447176113264775
447176138525348	447176152537588	447176138791806
447176146248629	447176160758890	447176146514775
447176162971963	447176177198473	447176163234411
447176179679619	447176193637795	447176179918629
447176196314619	447176210077899	447176198146025
447176220656650	447176234739202	447176220956650
447176229568942	447176242959358	447176229843838
447176246243994	447176259398525	447176246513838
447176262871025	447176275839150	447176263139723
447176279553942	447176292278524	447176279836181
447176296291442	447176308718889	447176297457275
447176320707119	447176333378577	447176320993317
447176329562588	447176341598524	447176329851494
447176346223317	447176358038994	447176346503629
447176362888213	447176374478160	447176363161963
447176379545556	447176390920087	447176388078525
447176404461650	447176415582171	447176404759150
447176412912379	447176423801962	447176413188838
447176429600088	447176440241129	447176429858525
447176446188994	447176456680816	447176446466129
447176462910088	447176481340451	447176463182275
447176479628369	447176497780608	447176480925973
447176504376285	447176522442431	447176504677223
447176512978942	447176530663473	447176513206963
447176529581285	447176547104983	447176529864879
447176546224410	447176563545972	447176546511494
447176562875712	447176579984618	447176563143629
447176579617744	447176596423368	447176581866129
447176604796650	447176621082483	447176605090504
447176612887744	447176629303004	447176613158994
447176629567067	447176645743107	447176629833369
447176646221337	447176662184254	447176646501337
447176662941650	447176678625295	447176663210660
447176679603785	447176695067639	447176683393212
447176704771129	447176719732639	447176705070504
447176712873942	447176727954826	447176713164619
447176729550973	447176744398576	447176729823942
447176746189567	447176760842118	447176746459306
447176762864254	447176777280555	447176763139150
447176779588681	447176793720243	447176781363525
447176804617587	447176818379722	447176804909619
447176812851337	447176826599514	447176813141494
447176829591598	447176843038889	447176829865400
447176846198785	447176859479931	447176846472587
447176862893317	447176875921441	447176863158994
447176879626494	447176892361754	447176884934462
447176904524098	447176917018108	447176904807900
447176912896025	447176925238629	447176913161442
447176929795817	447176941679254	447176930067379
447176946230192	447176958119618	447176946511806
447176962907744	447176974560295	447176963171650
447176979617119	447176990997587	447176979775712
447177005558941	447177015655712	447177005894619
447177012955244	447177023874774	447177013235087
447177029673212	447177040313941	447177029934619
447177046316806	447177056750764	447177046576337
447177062982223	447177081406754	447177072359150
447177087318212	447177097847483	447177087598056
447177096284306	447177114286754	447177096551598
447177112983681	447177130727848	447177113337275
447177129680556	447177147168785	447177129941285
447177146331598	447177163609827	447177146593160
447177163004098	447177180049619	447177172861650
447177187455869	447177204709566	447177187737587
447177196329150	447177212929306	447177196609150
447177212984775	447177229369514	447177213336285
447177229713056	447177245812431	447177229979462
447177246367900	447177262255347	447177246621962
447177263071285	447177278698263	447177268144723
447177287721962	447177303360243	447177288011962
447177296376806	447177311580816	447177296622587
447177313032535	447177328021649	447177313380556
447177329716806	447177344462899	447177329974618
447177346376650	447177360903680	447177346645504
447177363086598	447177377344774	447177366303837
447177387468681	447177402006909	447177387770556
447177396331181	447177410228733	447177396585556
447177413024775	447177426670556	447177413384618
447177429686181	447177443110400	447177429951025
447177446330400	447177459551545	447177446605400
447177463034618	447177475990920	447177470174931
447177487468368	447177500652274	447177487736493
447177496294462	447177508873056	447177496569775
447177512953368	447177525313420	447177513314150
447177529605973	447177541751284	447177529873681
447177546371493	447177566407275	447177564146025
447177563261910	447177574625712	447177564158004
447177587484775	447177599283212	447177587795348
447177596270868	447177607503316	447177596547379
447177612966962	447177623940451	447177613319879
447177629638472	447177640378212	447177629912431
447177646290191	447177656816545	447177646576441
447177663026337	447177673255556	447177669589462
447177687541962	447177697909670	447177687835035
447177696298316	447177706129045	447177696578368
447177712952118	447177730784566	447177713318368
447177729673837	447177747222431	447177729947587
447177746281441	447177763663368	447177746562691
447177763008525	447177780103056	447177764641025
447177787695816	447177804762951	447177787986754
447177796306337	447177812983628	447177796580868
447177812973368	9223372036854775807	447177813335035

POLL t=68.5 tick=1987
8333333
447187265065813	447187280942947	447187277212740
447187281747583	447187297380239	447187282120969
447187310079406	447187322037010	447187310394146
447187315055240	447187330256749	447187315433990
447187332101958	447187346695708	447187332338365
447187348429250	447187363135187	447187348787740
447187365085865	447187379574562	447187365437115
447187392593052	447187404233156	447187392976594
447187398379927	447187412452218	447187398750344
447187415077427	447187428889562	447187415342896
447187431742063	447187445327687	447187434883677
447187456087063	447187469982531	447187456389146
447187465007583	447187478201177	447187465286021
447187481710865	447187494636593	447187481984302
447187498421125	447187519286333	447187512569458
447187515063052	447187527504041	447187515415708
447187543706906	447187560373468	447187544081958
447187548376125	447187568589875	447187548661281
447187565069771	447187576808677	447187565337062
447187581756490	447187593243104	447187583428052
447187605437115	447187617897166	447187605738937
447187615078521	447187626114198	447187615351021
447187631741958	447187642547635	447187632025865
447187648411646	447187658982635	447187651675708
447187672099615	447187683635291	447187672358990
447187681745708	447187700068259	447187682015864
447187698410812	447187716502531	447187698733677
447187715073833	447187732938729	447187726272531
447187739089614	447187749373572	447187739409927
447187748357896	447187765809927	447187748728469
447187765076750	447187782244197	447187765350969
447187781741594	447187798678311	447187782007219
447187798418364	447187815111281	447187798838052
447187823061958	447187839761905	447187823393364
447187831808937	447187847979093	447187832146177
447187848434771	447187864413677	447187848798781
447187865093989	447187880851073	447187865363000
447187881829146	447187897286489	447187882926021
447187906331646	447187921942374	447187906608677
447187915144614	447187930160812	447187915416646
447187931803364	447187946598208	447187932069771
447187948497739	447187963033208	447187953287896
447187972396489	447187987690083	447187972661958
447187981770812	447187995909197	447187982055969
447187998475239	447188012346801	447187998733000
447188015155500	447188028782010	447188025736125
447188039272583	447188053435239	447188039576958
447188048420864	447188061653155	447188048786646
447188065137062	447188078089250	447188065403989
447188081795864	447188102742687	447188095214146
447188098465239	447188110962270	447188098817687
447188125237114	447188143836593	447188125655968
447188131772583	447188152055291	447188132077218
447188148436646	447188160272635	447188148803833
447188165162114	447188176708989	447188167595187
447188188997375	447188201360812	447188189295239
447188198438156	447188209579041	447188198796125
447188215171333	447188226013937	447188215471802
447188231813833	447188242446958	447188232091333
447188248462843	447188258879405	447188253895083
447188272944927	447188283531697	447188273288625
447188281804093	447188299969405	447188282062687
447188298466750	447188316407999	447188298736125
447188315123989	447188332845395	447188326845864
447188339097843	447188357505082	447188339390083
447188348464927	447188365725499	447188348820812
447188365132427	447188382165395	447188365443677
447188381758833	447188398604874	447188382065708
447188398490239	447188415044510	447188399983833
447188422819250	447188439703259	447188423113677
447188431788833	447188447923520	447188432083781
447188448491489	447188464362114	447188448858677
447188465162739	447188480800863	447188465427062
447188481913677	447188497239249	447188481996020
447188506335239	447188521897114	447188506641437
447188515133208	447188530116437	447188515404770
447188531894927	447188546554145	447188532173312
447188548543833	447188562993468	447188552416020
447188572485187	447188587648415	447188572769927
447188581829302	447188595865655	447188582094145
447188598541489	447188612304718	447188598801020
447188615165552	447188628742687	447188626942218
447188638654250	447188653398467	447188638939718
447188648469250	447188661616697	447188648831593
447188665170552	447188678053467	447188665445552
447188681837062	447188702710812	447188694823677
447188698598677	447188710929874	447188698944093
447188726147739	447188743801489	447188726422583
447188731851958	447188752020708	447188732178625
447188748473208	447188760239457	447188748841177
447188765282270	447188776672999	447188767291333
447188788689614	447188801322062	447188788967739
447188798512270	447188809539458	447188798866177
447188815183520	447188825976228	447188815475864
447188831848208	447188842413415	447188832118052
447188848573937	447188858848259	447188854660708
447188872945187	447188883500187	447188873255968
447188881873156	447188899936905	447188882144718
447188898491124	447188916371801	447188898789458
447188915183208	447188932804978	447188927293208
447188939117114	447188957458416	447188939393364
447188948465239	447188965676280	447188948861281
447188965142687	447188982114718	447188965410239
447188981815864	447189006769196	447188998863676
447188998897583	447189014987582	447188998891749
447189026823989	447189039638885	447189027118156
447189031795083	447189047855967	447189032092739
447189048419249	447189064292114	447189048729562
447189065157843	447189080726436	447189065528989
447189081828051	447189097160083	447189082173989
447189109156801	447189121812530	447189109434249
447189115165239	447189130030134	447189115498520
447189131818364	447189146464874	447189132076176
447189148502895	447189162897634	447189150642374
447189172393937	447189187545082	447189172682739
447189181807374	447189195763051	447189182077426
447189198479458	447189212198155	447189198748208
447189215182426	447189228633624	447189218149718
447189238936801	447189253288520	447189239233208
447189248484770	447189261507843	447189248761645
447189265130083	447189277944821	447189265492583
447189281805499	447189302599926	447189294442531
447189298490864	447189310820238	447189298849458
447189327185551	447189343698519	447189327485239
447189331775864	447189351918207	447189332093989
447189348522270	447189360137686	447189348791801
447189365189614	447189376575134	447189372499770

POLL t=78.6 tick=2124
8333333
447197515891329	447197530178881	447197516205236
447197532239871	447197546620496	447197544206017
447197556757527	447197571287318	447197557045079
447197565529298	447197579508568	447197565791486
447197582185548	447197595951746	447197582546954
447197598862892	447197612394350	447197609640704
447197623193829	447197637056277	447197623478152
447197632146017	447197645277370	447197632423777
447197648868517	447197661719871	447197649137736
447197665525079	447197686382214	447197678774611
447197682206017	447197694602423	447197682773361
447197707735861	447197719260548	447197708061017
447197715496642	447197727480392	447197715766173
447197732148048	447197743921017	447197732417736
447197748893777	447197760358517	447197749685548
447197773534611	447197785018673	447197773814454
447197782197579	447197793239818	447197782556486
447197798867579	447197809680131	447197799130027
447197815532527	447197834341069	447197826290184
447197840512215	447197859001277	447197840788777
447197848856486	447197867222423	447197849164923
447197865529611	447197883662058	447197865800496
447197882193152	447197900098933	447197896083829
447197898890809	447197916537683	447197899248517
447197926955079	447197941194350	447197927231121
447197932210496	447197949414506	447197932585652
447197948902111	447197965852840	447197949229767
447197965552840	447197982292631	447197972538152
447197990446017	447198006953777	447197990703777
447197998870236	447198015173568	447197999137579
447198015548361	447198031613517	447198015809142
447198032249767	447198048051954	447198044073204
447198057512111	447198072712736	447198057804142
447198065552892	447198080932163	447198065833777
447198082183361	447198097368412	447198082556017
447198098903986	447198122026746	447198114887579
447198115576798	447198130246225	447198115923777
447198142742267	447198154907839	447198143022840
447198148869454	447198163128777	447198149210548
447198165577267	447198179568933	447198165839923
447198182242110	447198196007631	447198186333048
447198206933829	447198220665131	447198207216590
447198215588204	447198228884298	447198215912579
447198232240340	447198245322787	447198232501642
447198248900027	447198269981537	447198263028465
447198265574923	447198278200808	447198265956642
447198291174871	447198302855756	447198291472110
447198298904142	447198311073881	447198299174558
447198315564715	447198327511485	447198315840235
447198332270808	447198343947943	447198333966329
447198358078465	447198368600912	447198358446798
447198365511017	447198376817787	447198365799142
447198382278933	447198393254453	447198382755496
447198398876329	447198409692318	447198399146798
447198415600183	447198426132006	447198417656746
447198441572892	447198459009819	447198441932892
447198448907892	447198467230339	447198449219610
447198465569871	447198483668985	447198465852683
447198482233152	447198500107058	447198496605548
447198498937371	447198516544818	447198499285965
447198527285652	447198541197891	447198527576642
447198532233204	447198549415287	447198532592892
447198548963517	447198565850183	447198549301642
447198565599767	447198582286068	447198572048048
447198590862892	447198606937214	447198591149090
447198598923204	447198615154506	447198599198204
447198615593985	447198631590443	447198615856746
447198632372110	447198648026850	447198644322058
447198649010964	447198664461068	447198649342527
447198675822579	447198689115026	447198676111485
447198682271902	447198697331589	447198682633048
447198698955704	447198713767006	447198699230392
447198715749402	447198730203308	447198717104454
447198741267839	447198754860339	447198741613673
447198749004871	447198763080183	447198749343673
447198765600548	447198779520392	447198765863048
447198782279402	447198795958100	447198782674089
447198798980235	447198812395444	447198799180027
447198825128048	447198837049610	447198825432996
447198832273308	447198845269974	447198832538621
447198849014402	447198861708829	447198849265860
447198865712839	447198878147109	447198867529766
447198891482527	447198902803516	447198891883777
447198898968933	447198911022110	447198899264298
447198915674610	447198927461329	447198915926641
447198932344923	447198943896901	447198932606485
447198949027891	447198960332370	447198949835496
447198974668360	447198993206901	447198974956485
447198982350027	447199001426120	447198982656485
447198999017839	447199009644037	447198999371433
447199015667683	447199026079401	447199015928152
447199032412423	447199042515078	447199034427527
447199058585704	447199075389662	447199058985964
447199065627683	447199083610026	447199065901433
447199082279610	447199100048516	447199082575548
447199098964298	447199116486537	447199113865652
447199115712891	447199132923360	447199116117110
447199144359714	447199157574089	447199144783048
447199148972735	447199165791693	447199149341485
447199165573048	447199182226224	447199165923933
447199182395964	447199198657318	447199184095027
447199207683933	447199223309662	447199207967735
447199215679558	447199231528047	447199216024298
447199232314298	447199247963047	447199232571641
447199248955391	447199264399245	447199263136120
447199265666016	447199280835599	447199266006589
447199294894454	447199305492057	447199295221589
447199298933464	447199313709817	447199299286277
447199315612110	447199330146328	447199315877891
447199332291485	447199346580391	447199337387058
447199357417058	447199371233151	447199357703152
447199365606745	447199379452006	447199365881173
447199382271745	447199395889245	447199382554923
447199398940548	447199412327839	447199410699454
447199415626173	447199428765652	447199415950704
447199445378620	447199461634818	447199445748048
447199448935391	447199469851693	447199449273620
447199465599454	447199478068308	447199465871329
447199482222579	447199494500339	447199484373204
447199507354870	447199519150547	447199507682110
447199515682891	447199527367526	447199516044766
447199532441745	447199543805286	447199532692839
447199549009454	447199560239713	447199549270339
447199565671016	447199576675183	447199569661954
447199592086433	447199609545443	447199592415391
447199598977683	447199617763776	447199599367422
447199615670391	9223372036854775807	447199615938985

POLL t=90.4 tick=2334
8333333
447209234458825	447209250053303	447209241479919
447209258164138	447209274705335	447209258457835
447209267791117	447209282922574	447209268075388
447209284435388	447209299357419	447209284728981
447209301134294	447209315794397	447209306453825
447209324910700	447209340451272	447209325206429
447209334432210	447209348670179	447209334716585
447209351107054	447209365106793	447209351375700
447209367775387	447209381544397	447209373501637
447209391584137	447209406200543	447209391873148
447209401103981	447209414418147	447209401369450
447209418324242	447209430854085	447209418323304
447209434506325	447209447287053	447209442549294
447209458476950	447209471943981	447209458774085
447209467839294	447209480162470	447209468116898
447209484501481	447209496601480	447209484763200
447209501190075	447209513038043	447209507376325
447209525452835	447209537690908	447209525763512
447209534503200	447209545908981	447209534932106
447209551176169	447209562346168	447209551501898
447209567851637	447209578784554	447209573612575
447209593648773	447209611663928	447209593989554
447209601158200	447209619883512	447209601441169
447209617841169	447209628102054	447209618106325
447209634492419	447209652757106	447209649306794
447209651177106	447209669191949	447209651543929
447209679033825	447209693845231	447209679312575
447209684507419	447209702065283	447209684871012
447209701157523	447209718502887	447209701486585
447209717841794	447209734944710	447209718188044
447209746425700	447209759603876	447209746803981
447209751169450	447209767823356	447209751536012
447209767830544	447209784263460	447209768121950
447209784581481	447209800702418	447209785555075
447209809654606	447209825358616	447209809953356
447209817872887	447209833578252	447209818132366
447209834560544	447209850017731	447209834859137
447209851239606	447209866455283	447209858047731
447209875634866	447209891112626	447209875928200
447209884527887	447209899332210	447209884795960
447209901205023	447209915768928	447209901473825
447209917880231	447209932206116	447209923357731
447209942761481	447209956862731	447209943057679
447209951176273	447209965082261	447209951529241
447209967897523	447209981521845	447209968209606
447209984527731	447209997960543	447209997290387
447210001251741	447210014399345	447210001620387
447210029823356	447210047280855	447210030118773
447210034593668	447210055500335	447210034794918
447210051513043	447210063720699	447210051846793
447210067927418	447210080161845	447210074995700
447210092261637	447210104819918	447210092582731
447210101179085	447210113038981	447210101473200
447210117841325	447210129477731	447210118123616
447210134514606	447210154139501	447210145832575
447210159211481	447210170578876	447210159538200
447210167835491	447210178799241	447210168168512
447210184503773	447210195239554	447210184780960
447210201155075	447210211680803	447210209746637
447210225799293	447210236342314	447210226091585
447210234557523	447210252780804	447210234821950
447210251212418	447210269219762	447210251566637
447210267874137	447210285657835	447210273753043
447210292779450	447210310314241	447210293133356
447210301331950	447210318533928	447210301507575
447210317851950	447210334972834	447210318127262
447210334565700	447210351409710	447210344848668
447210360080700	447210376063147	447210360416585
447210367870023	447210384280855	447210368137523
447210384572262	447210400717990	447210384845075
447210401240543	447210417153563	447210408757887
447210426212522	447210441806689	447210426518825
447210434588929	447210450026063	447210434860700
447210451209710	447210466462366	447210451576637
447210467957262	447210482897938	447210474411481
447210493700491	447210507549085	447210494038460
447210501236950	447210515765804	447210501506897
447210517950022	447210532200855	447210518202731
447210534696012	447210548637678	447210541768981
447210559314450	447210573290022	447210559602106
447210567927991	447210581507157	447210568225543
447210584620960	447210597942991	447210584886793
447210601290543	447210614379709	447210609022887
447210626354866	447210639031584	447210626657991
447210634595647	447210647248876	447210634866897
447210651229866	447210663684866	447210651590231
447210667915074	447210680119709	447210674283304
447210693127835	447210704775230	447210693476585
447210701251585	447210712992678	447210701522731
447210717943772	447210729429137	447210718204606
447210734741324	447210745864084	447210742129554
447210760296481	447210770514918	447210760655543
447210767909866	447210778732001	447210768179866
447210784570856	447210795166115	447210784841012
447210801278043	447210811604136	447210810347679
447210826311741	447210836260491	447210826609606
447210834603199	447210852698460	447210834868304
447210851260543	447210869134605	447210851634397
447210867935543	447210885573199	447210875767887
447210892801585	447210910229084	447210893107887
447210901345231	447210918447731	447210901631481
447210917893824	447210934884865	447210918169449
447210934593356	447210951322678	447210942175647
447210959941116	447210975979397	447210960234293
447210967919397	447210984198199	447210968175856
447210984594449	447211000636637	447210984843512
447211001245074	447211017075230	447211009306741
447211026601272	447211041732209	447211026878304
447211034570179	447211049951897	447211034844606
447211051230335	447211066391481	447211051582835
447211067917678	447211082829969	447211076085543
447211093380543	447211107483616	447211093747418
447211101233356	447211115700594	447211101494397
447211117852106	447211132134553	447211118123772
447211134589553	447211148571949	447211143001949
447211160693043	447211173222626	447211161053668
447211167892106	447211181441167	447211168185074
447211184560856	447211197874658	447211184864137
447211201228981	447211222526740	447211216791637
447211217925178	447211230744917	447211218271481
447211247613043	447211263615594	447211247969241
447211251187418	447211271832730	447211251528199
447211267890231	447211280050491	447211268161324
447211284673355	447211296487835	447211285373980
447211310492678	447211321141741	447211310823512
447211317884293	447211329358511	447211318192418
447211334696480	9223372036854775807	447211334982366

POLL t=102.3 tick=2483
8333333
447221090999133	447221101740018	447221091289862
447221101553039	447221118174862	447221101876477
447221118259289	447221134609809	447221118500175
447221134931164	447221151045174	447221139561268
447221157761945	447221175699184	447221158048143
447221168215331	447221183917882	447221168503977
447221184891945	447221200354966	447221185246581
447221201550383	447221216791737	447221205382258
447221225932518	447221241446633	447221226279081
447221234880227	447221249665018	447221235140695
447221251560852	447221266099758	447221251832414
447221268218039	447221290751424	447221282783039
447221284896633	447221298969758	447221285266789
447221310800956	447221323620591	447221311095018
447221318396945	447221331837727	447221318695800
447221334873195	447221348271320	447221345524133
447221358087050	447221372924914	447221358401112
447221368210383	447221381142362	447221368480018
447221384913612	447221397576476	447221385273768
447221401597518	447221414009237	447221409210227
447221424788352	447221438656112	447221425080383
447221434869706	447221446872413	447221435143925
447221451592258	447221463305539	447221451854393
447221468280383	447221479739706	447221473400643
447221491365227	447221504387310	447221491674602
447221501576320	447221512603091	447221501851320
447221518243456	447221529035799	447221518526477
447221534940175	447221545466476	447221541450956
447221558124862	447221570114549	447221558420383
447221568251424	447221578331893	447221568525383
447221584920852	447221602984080	447221585277570
447221601586789	447221619422101	447221607750174
447221624674914	447221635858351	447221624973768
447221634924914	447221652294340	447221635193195
447221651576581	447221668730590	447221651890852
447221668238820	447221685166060	447221675978039
447221691427570	447221701599341	447221691729237
447221701595018	447221718032258	447221701875383
447221718277102	447221734464393	447221718546424
447221734933039	447221750900017	447221739988977
447221757916893	447221775553299	447221758203768
447221768244289	447221783771007	447221768515539
447221784919237	447221800206841	447221785271476
447221801599445	447221816640590	447221805790487
447221824681476	447221841295069	447221825068195
447221834912206	447221849512153	447221835179601
447221851537258	447221865947257	447221851818664
447221868239706	447221882382205	447221874213195
447221891251476	447221907032570	447221891555383
447221901558820	447221915249393	447221901836008
447221918265539	447221931684705	447221918529237
447221934954758	447221948121267	447221939306112
447221957865956	447221972772049	447221958148820
447221968302414	447221980989861	447221968567049
447221984902362	447221997425069	447221985258143
447222001592570	447222013861528	447222006470695
447222024493612	447222038516944	447222024784914
447222034888612	447222046734965	447222035156893
447222051552206	447222063171268	447222051825539
447222068296633	447222079609809	447222073041581
447222091205487	447222104265070	447222091509862
447222101610070	447222112483038	447222101888508
447222118241789	447222128917361	447222118511789
447222134932414	447222145356007	447222143213924
447222158136164	447222170014132	447222158444601
447222168261737	447222178234601	447222168538768
447222184919549	447222202896007	447222185279445
447222201672205	447222219334757	447222211048768
447222224975174	447222235775174	447222225326789
447222234957258	447222252214133	447222235210226
447222251617883	447222268652361	447222251893351
447222268351893	447222285091789	447222274446945
447222291635226	447222309749392	447222291935851
447222301562258	447222317968924	447222301849601
447222318287362	447222334405487	447222318557726
447222334982726	447222350842205	447222341007570
447222358229914	447222375498820	447222358529237
447222368326008	447222383718872	447222368595383
447222384974601	447222400159080	447222385323195
447222401741008	447222416597309	447222406933351
447222424934393	447222441254444	447222425210695
447222435383195	447222449474757	447222435685018
447222451628976	447222465915694	447222451906007
447222468353351	447222482354862	447222475647414
447222491902882	447222507013299	447222492187257
447222501628820	447222515232986	447222501906737
447222518338507	447222531671528	447222518609549
447222535059705	447222548108612	447222539683143
447222558351007	447222572763247	447222558652362
447222568316007	447222580981632	447222568598820
447222584974132	447222597418351	447222585329393
447222601709132	447222613854184	447222605382205
447222625049445	447222638504132	447222625409289
447222634983507	447222646720382	447222635250226
447222651700851	447222663154705	447222651938976
447222668500643	447222679586007	447222673833664
447222691526737	447222704236059	447222691818507
447222701626424	447222712454705	447222701898455
447222718308924	447222728890330	447222718590955
447222735005851	447222745325747	447222739257101
447222758325695	447222769977361	447222758603924
447222768303195	447222778195382	447222768590174
447222784998976	447222802852517	447222785356320
447222801731007	447222819290018	447222805860018
447222824979393	447222835724966	447222825266580
447222834975643	447222852161215	447222835237570
447222851601164	447222868595226	447222863426111
447222874911736	447222885030434	447222875200695
447222884969705	447222901470434	447222885323976
447222901653195	447222917906840	447222901912986
447222918313351	447222934341944	447222924437726
447222941728039	447222958996163	447222942013507
447222951637257	447222967213716	447222951896424
447222968335174	447222983648767	447222968591580
447222984971476	447223000082101	447222989263143
447223008567726	447223024735903	447223008919445
447223018212986	447223032953298	447223018494601
447223034933351	447223049389132	447223035200382
447223051589914	447223065822205	447223061474289
447223075176111	447223090470851	447223075460382
447223084924445	447223098687309	447223085284236
447223101668299	447223115119497	447223101928351
447223118325851	447223131553507	447223124422726
447223141472882	447223156204809	447223141761945
447223151635695	447223164422152	447223151909913
447223168341424	447223180858142	447223168604757
447223185014288	447223197294340	447223190371945

POLL t=114.1 tick=2635
8333333
447232841471316	447232853872618	447232841771420
447232851932722	447232870312358	447232852256264
447232868561316	447232886750482	447232868824910
447232885246785	447232903187617	447232891527983
447232908224076	447232919626576	447232908542097
447232918562722	447232936067618	447232918939233
447232935194285	447232952507253	447232935470014
447232951998816	447232968947357	447232955385066
447232974932878	447232985387722	447232975234858
447232985240326	447233001826992	447232985619597
447233001936316	447233018268555	447233002171472
447233018594441	447233034709388	447233028336472
447233041612566	447233059371316	447233041894597
447233051854076	447233067592669	447233052139128
447233068580691	447233084035898	447233068847097
447233085238972	447233100479232	447233089611160
447233108132201	447233125139700	447233108427826
447233118568972	447233133360482	447233118930847
447233135224285	447233149799388	447233147960326
447233151891472	447233166237201	447233152201785
447233178179753	447233190897357	447233178469285
447233185188608	447233199117930	447233185505483
447233201892410	447233215558035	447233212016003
447233225102826	447233240216992	447233225385014
447233235259753	447233248436940	447233235513347
447233251867670	447233264877409	447233252141472
447233268598347	447233281317670	447233271720691
447233291342410	447233305978191	447233291655639
447233301968920	447233314196785	447233302317097
447233318520326	447233330634962	447233318921264
447233335257410	447233347072201	447233343726003
447233358218191	447233371725534	447233358520535
447233368586941	447233379944389	447233368855014
447233385237357	447233396380846	447233385535691
447233401919597	447233412817566	447233405979753
447233425327722	447233437471107	447233425687253
447233435185691	447233445690066	447233435461472
447233451912097	447233470343607	447233452181628
447233468585014	447233486776576	447233472528660
447233492299701	447233503212096	447233492585066
447233501869285	447233519646575	447233502140066
447233518562566	447233536080743	447233528192253
447233541536732	447233552515325	447233541835222
447233551907409	447233568949700	447233552183972
447233568569857	447233585386107	447233568834753
447233585260222	447233601824023	447233588235534
447233608046628	447233618262044	447233608344597
447233618485534	447233634699805	447233618851159
447233635244701	447233651138607	447233635521941
447233651974284	447233667573346	447233659256003
447233674929441	447233692226576	447233675222253
447233685238451	447233700445013	447233685500222
447233701908764	447233716880169	447233702181628
447233718572826	447233733312096	447233723388503
447233741544389	447233757965169	447233741836941
447233751907982	447233766183555	447233752170534
447233768584909	447233782618919	447233768849545
447233785238034	447233799055117	447233788189128
447233810696941	447233823712305	447233810989545
447233818518764	447233831931211	447233818895847
447233835189753	447233848369284	447233843854753
447233857949128	447233873027825	447233858259701
447233868513347	447233881245326	447233868790534
447233885180326	447233897681055	447233885455951
447233901873295	447233914116993	447233907438764
447233924941420	447233938771263	447233925235066
447233935212097	447233946989700	447233935499128
447233951910847	447233963426159	447233952186107
447233968678659	447233979863242	447233971759597
447233991446472	447234004521002	447233991741316
447234001905847	447234012741576	447234002186003
447234018581732	447234029180377	447234018943659
447234035301732	447234045618919	447234041541107
447234058131263	447234070275742	447234058414284
447234068637513	447234078496419	447234069000066
447234085256159	447234103154961	447234085530013
447234102050847	447234119591367	447234105301628
447234125342982	447234136028971	447234125687566
447234135280951	447234152465950	447234135550066
447234151975066	447234168903346	447234152233659
447234168753034	447234185346159	447234172874441
447234191589597	447234201784961	447234191879545
447234202073347	447234218223085	447234202349388
447234218588451	447234234661523	447234218777722
447234235269753	447234251099544	447234238151628
447234258258295	447234275758972	447234258549545
447234268588659	447234283977669	447234268856888
447234285300534	447234300415222	447234297186159
447234308146472	447234325071836	447234308437565
447234318577097	447234333290169	447234318764284
447234335278972	447234349726263	447234335539440
447234351995482	447234366162253	447234354732565
447234374758190	447234390817877	447234375034284
447234385260690	447234399037617	447234385520065
447234401927722	447234415475273	447234414825690
447234423806263	447234440131680	447234424110222
447234435294388	447234448351836	447234435558815
447234451943815	447234464791003	447234452211472
447234468638972	447234481230481	447234478167409
447234491459128	447234505884544	447234491772201
447234501927982	447234514103190	447234502197201
447234518561315	447234530541107	447234518903138
447234535249597	447234546979544	447234545163607
447234558162201	447234571635169	447234558442878
447234568547722	447234579852722	447234568817878
447234585275378	447234596288554	447234585544597
447234601949440	447234612725846	447234605610795
447234626001159	447234637384492	447234626366472
447234635229909	447234645603502	447234635510326
447234651927565	447234670260169	447234652186784
447234668627097	447234686701992	447234673062722
447234691479128	447234703141940	447234691804544
447234701883294	447234719581263	447234702158347
447234718558763	447234736021055	447234718831940
447234735264753	447234752459179	447234738037253
447234758702669	447234768898398	447234759076784
447234768584753	447234785336262	447234768857669
447234785259128	447234801775377	447234785534128
447234802036576	447234818214909	447234807457409
447234825049701	447234842872252	447234825338659
447234835256784	447234851092253	447234835567722
447234851942565	447234867530481	447234852211732
447234868596784	447234883971315	447234876885378
447234891465221	447234908630741	447234891786263
447234901891003	447234916851002	447234902165378
447234918579753	447234933289075	447234918863294
447234935341315	9223372036854775807	447234939728346

POLL t=126.0 tick=2864
8333333
447244735666259	447244747241103	447244735929384
447244752379541	447244763675530	447244759244280
447244775116311	447244788326623	447244775420374
447244785571155	447244796543082	447244785877405
447244802278447	447244812978499	447244802559124
447244818980218	447244829414019	447244827583447
447244841980791	447244854067144	447244842275791
447244852297093	447244862285477	447244852596624
447244868951780	447244886942874	447244869333291
447244885693447	447244903377509	447244892253655
447244908737093	447244919815425	447244909043291
447244919012666	447244936250477	447244919290374
447244935677666	447244952686884	447244935951884
447244952389853	447244969122196	447244958987093
447244975297405	447244985559852	447244975583186
447244985742405	447245001998238	447244985987197
447245002388447	447245018435061	447245002651624
447245019050634	447245034871468	447245025673916
447245041955999	447245059528290	447245042235999
447245052335322	447245067747040	447245052602718
447245069023030	447245084186155	447245069377561
447245085710634	447245100621780	447245091574541
447245108754853	447245125273811	447245109046780
447245118984124	447245133491624	447245119296780
447245135674124	447245149927769	447245135949072
447245152401155	447245166363186	447245159680686
447245175316311	447245191017613	447245175616103
447245185696624	447245199237509	447245185967978
447245202351311	447245215674020	447245202622718
447245219054436	447245232109540	447245226788290
447245241889853	447245256764384	447245242174749
447245252356728	447245264983498	447245252621572
447245269032249	447245281421780	447245269399853
447245285741103	447245297858759	447245291839697
447245308752874	447245322512405	447245309051780
447245319032874	447245330730373	447245319312978
447245335702561	447245347163342	447245335956468
447245352395790	447245363599644	447245358600217
447245375105686	447245388252456	447245375393811
447245385704697	447245396468550	447245386050061
447245402370634	447245412902144	447245402635686
447245418992874	447245437554071	447245431677405
447245435731259	447245453986676	447245436073967
447245462151311	447245478636780	447245462573655
447245468963967	447245486853655	447245469256155
447245485642353	447245503286675	447245499315530
447245502371624	447245519721103	447245502711467
447245527888915	447245544376051	447245528241572
447245535737249	447245552593030	447245536064436
447245552357561	447245569026310	447245564212092
447245569040478	447245585460998	447245569405322
447245594559280	447245610115322	447245594856780
447245602337561	447245618333915	447245602691780
447245619035009	447245634770165	447245619296259
447245635724697	447245651205581	447245636092405
447245659426259	447245675859540	447245659717561
447245669031467	447245684076936	447245669389905
447245685695478	447245700513654	447245697780322
447245709065842	447245725169800	447245709381311
447245719027717	447245733388603	447245719296155
447245735701936	447245749824279	447245735965530
447245752371624	447245766262560	447245761674072
447245775398186	447245790918915	447245775705217
447245785694228	447245799138186	447245785958655
447245802365530	447245815575998	447245802630634
447245819035999	447245832014123	447245825123342
447245842007040	447245856667664	447245842297821
447245852365842	447245864887717	447245852632665
447245869055686	447245881327456	447245869413342
447245885795686	447245897766259	447245892837040
447245908856936	447245922424228	447245909161936
447245919014071	447245930644696	447245919295842
447245935730478	447245947082040	447245935992717
447245952431936	447245963519801	447245958312978
447245975630374	447245988177144	447245975916155
447245985805530	447245996396154	447245986059124
447246002402561	447246021046883	447246016310373
447246019138446	447246037481779	447246019464384
447246044393030	447246062133394	447246044663186
447246052387717	447246070351415	447246052659748
447246069087248	447246086788237	447246079483915
447246093119071	447246111444435	447246093394748
447246102483290	447246119663445	447246102747561
447246119083030	447246136103133	447246119344436
447246135846467	447246152540321	447246142967248
447246159485061	447246177199332	447246159819748
447246169062873	447246185418914	447246169430686
447246185768498	447246201856467	447246186028290
447246202437405	447246218295269	447246210547509
447246225619592	447246242950529	447246225918603
447246235744748	447246251167457	447246236045686
447246252429123	447246267602717	447246252694280
447246269159540	447246284037873	447246275158759
447246292155321	447246308695478	447246292439905
447246302371936	447246316915269	447246302640061
447246319068603	447246333351623	447246319343811
447246335776259	447246349787716	447246342534905
447246358967873	447246374444279	447246359250634
447246369067665	447246382662769	447246369418342
447246385763759	447246399101206	447246386013915
447246402400009	447246415538394	447246410806259
447246425399436	447246440193446	447246425690998
447246435707717	447246448410633	447246435970634
447246452401415	447246464845737	447246452660530
447246469100790	447246481281675	447246478421259
447246492243446	447246505935581	447246492504905
447246502400061	447246514153498	447246502672248
447246519055998	447246530589540	447246519326780
447246535742248	447246547025582	447246541318186
447246558766780	447246571681363	447246559052561
447246569009696	447246579900425	447246569426623
447246585792092	447246596335268	447246585964123
447246602422405	447246612771050	447246611573655
447246625597092	447246637424384	447246625883342
447246635696884	447246653861518	447246635967352
447246652360061	447246670297768	447246652639540
447246669014436	447246686735008	447246679255946
447246692133967	447246703170945	447246692423602
447246702385061	447246719606987	447246702662092
447246719052873	447246736040998	447246719326727
447246735659279	447246752476623	447246743286311
447246758732717	447246777129383	447246759007665
447246769034279	447246785346050	447246769404279
447246785732248	447246801779904	447246785993446
447246802444071	447246818210425	447246808061779
447246825463029	447246842859383	447246825751884
447246835774696	447246851075738	447246836120061

