window ticks 1950->2577 wall 30.14 s (units: 10 ms per state)
--- cpu0 freq_Hz delta_10ms
384000 0
556800 0
748800 0
960000 0
1152000 0
1363200 0
1555200 0
1785600 1272
1996800 60
2227200 26
2400000 16
2745600 17
2918400 3
3072000 3
3321600 4
3532800 1610
--- cpu1 freq_Hz delta_10ms
384000 0
556800 0
748800 0
960000 0
1152000 0
1363200 0
1555200 0
1785600 1274
1996800 60
2227200 26
2400000 17
2745600 17
2918400 3
3072000 3
3321600 4
3532800 1604
--- cpu2 freq_Hz delta_10ms
384000 0
556800 0
748800 0
960000 0
1152000 0
1363200 0
1555200 0
1785600 1274
1996800 61
2227200 26
2400000 17
2745600 17
2918400 3
3072000 3
3321600 4
3532800 1601
--- cpu3 freq_Hz delta_10ms
384000 0
556800 0
748800 0
960000 0
1152000 0
1363200 0
1555200 0
1785600 1276
1996800 62
2227200 27
2400000 17
2745600 17
2918400 3
3072000 3
3321600 4
3532800 1596
--- cpu4 freq_Hz delta_10ms
384000 0
556800 0
748800 0
960000 0
1152000 0
1363200 0
1555200 0
1785600 1278
1996800 62
2227200 27
2400000 17
2745600 17
2918400 3
3072000 3
3321600 4
3532800 1593
--- cpu5 freq_Hz delta_10ms
384000 0
556800 0
748800 0
960000 0
1152000 0
1363200 0
1555200 0
1785600 1280
1996800 62
2227200 28
2400000 17
2745600 17
2918400 3
3072000 3
3321600 4
3532800 1590
--- cpu6 freq_Hz delta_10ms
1017600 0
1209600 0
1401600 0
1689600 0
1958400 0
2246400 233
2438400 26
2649600 63
2841600 144
3072000 147
3283200 76
3513600 110
3801600 540
4089600 800
4204800 201
4320000 665
--- cpu7 freq_Hz delta_10ms
1017600 0
1209600 0
1401600 0
1689600 0
1958400 0
2246400 233
2438400 26
2649600 64
2841600 144
3072000 148
3283200 76
3513600 111
3801600 538
4089600 801
4204800 201
4320000 665
gpu_freqs: 1100000000 1050000000 967000000 900000000 832000000 734000000 660000000 607000000 525000000 443000000 389000000 342000000 222000000 160000000
gpu_clock_stats_delta: 0 0 0 0 0 0 15501029 0 0 0 0 0 0 0
