Same-PID logcat excerpt, PID 10097. Summary/stage lines plus the full
[n8d7f] input/circuit/stage 448-word markers and continuations.
The 896-word [n8d5b] sampled/raw vectors and the closed log stay in Mac
scratch (~/dev/ssx3-work/N8D7I/logcat-all.txt.gz).

184:          1790261905.130 10097 10121 I ps2x    : [n8d5b] alignment tick=2050 fbp=112 pmode=ff21 width=512 height=448
185:          1790261905.151 10097 10121 I ps2x    : [n8d7f] tick=2050 fbp=112 fbw=8 psm=1 dbx=0 dby=0 phase=0 stride=2 mask=4194303 samples=1 promoted=0 extent=512x224 valid=512x224 status=2
186:          1790261905.152 10097 10121 I ps2x    : [n8d7f] bytes=5177344 vram_sha256=unavailable input_sha256=unavailable circuit_sha256=unavailable
187:          1790261905.152 10097 10121 I ps2x    : [n8d7f] input tiles=448 occupied=5333 active=35 packed_sha256=unavailable
188:          1790261905.153 10097 10121 I ps2x    : [n8d7f] input_tile_counts=0,107,0,0,0,0,0,0,0,0,0,0,0,0,0,0,0,0,0,0,0,0,0,0,0,0,0,0,0,0,31,0,0,0,0,0,0,0,0,0,0,0,0,0,0,0,0,0,0,0,0,0,0,0,0,0,0,0,0,0,0,0,0,0,0,0,0,0,0,0,0,0,0,0,0,0,0,0,0,0,0,0,0,0,0,0,0,0,0,0,0,0,0,0,0,0,0,0,0,0,0,0,0,0,0,0,0,0,0,0,0,0,0,0,0,0,0,0,0,0,0,0,0,0,0,0,0,0,0,0,64,64,0,0,0,0,0,0,0,0,0,0,0,0,0,0,5,0,0,0,0,0,0,0,172,200,256,256,0,0,0,0,0,0,0,0,0,0,0,0,0,0,0,0,0,0,0,0,0,37,0,0,0,16,256,256,256,256,0,0,235,0,0,0,0,0,0,0,0,0,0,0,0,0,0,0,0,0,0,0,0,0,0,0,0,0,0,0,0,0,0,0,0,0,0,0,0,0,0,0,0,0,0,0,0,0,0,0,0,0,0,0,0,0,0,0,0,0,0,0,0,0,0,0,0,0,0,0,0,0,0,0,0,0,0,0,0,0,0,0,0,0,69,46,21,0,0,0,118,147,0,0,0,0,0,0,130,121,40,34,0,0,46,29,0,0,256,256,0,0,104,22,0,0,0,0,0,0,0,0,0,0,0,0,0,0,200,214,0,0,0,0,0,0,0,0,0,0,0,0,0,0,0,0,0,0,0,0,0,0,0,0,0,0,0,0,0,0,0,0,0,0,0,0,0,0,0,0,0,0,0,0,0,0,0,0,0,0,0,0,0,0,0,0,0,0,0,0,0,0,0,0,0,0,0,0,0,0,0,0,0,0,0,0,0,0,0,0,0,0,0,75,14,12,157,65,0,0,0,0,0,0,0,0,0,0,0,0,0,0,0,0,0,0,0,0,0,0,0,0,0,0,0,0,52,234,0,0,227,135,42,0,0,0,0,0,0,0
189:          1790261905.153 10097 10121 I ps2x    : [n8d7f] circuit tiles=448 occupied=5333 active=35 packed_sha256=unavailable
190:          1790261905.153 10097 10121 I ps2x    : [n8d7f] circuit_tile_counts=0,107,0,0,0,0,0,0,0,0,0,0,0,0,0,0,0,0,0,0,0,0,0,0,0,0,0,0,0,0,31,0,0,0,0,0,0,0,0,0,0,0,0,0,0,0,0,0,0,0,0,0,0,0,0,0,0,0,0,0,0,0,0,0,0,0,0,0,0,0,0,0,0,0,0,0,0,0,0,0,0,0,0,0,0,0,0,0,0,0,0,0,0,0,0,0,0,0,0,0,0,0,0,0,0,0,0,0,0,0,0,0,0,0,0,0,0,0,0,0,0,0,0,0,0,0,0,0,0,0,64,64,0,0,0,0,0,0,0,0,0,0,0,0,0,0,5,0,0,0,0,0,0,0,172,200,256,256,0,0,0,0,0,0,0,0,0,0,0,0,0,0,0,0,0,0,0,0,0,37,0,0,0,16,256,256,256,256,0,0,235,0,0,0,0,0,0,0,0,0,0,0,0,0,0,0,0,0,0,0,0,0,0,0,0,0,0,0,0,0,0,0,0,0,0,0,0,0,0,0,0,0,0,0,0,0,0,0,0,0,0,0,0,0,0,0,0,0,0,0,0,0,0,0,0,0,0,0,0,0,0,0,0,0,0,0,0,0,0,0,0,0,69,46,21,0,0,0,118,147,0,0,0,0,0,0,130,121,40,34,0,0,46,29,0,0,256,256,0,0,104,22,0,0,0,0,0,0,0,0,0,0,0,0,0,0,200,214,0,0,0,0,0,0,0,0,0,0,0,0,0,0,0,0,0,0,0,0,0,0,0,0,0,0,0,0,0,0,0,0,0,0,0,0,0,0,0,0,0,0,0,0,0,0,0,0,0,0,0,0,0,0,0,0,0,0,0,0,0,0,0,0,0,0,0,0,0,0,0,0,0,0,0,0,0,0,0,0,0,0,0,75,14,12,157,65,0,0,0,0,0,0,0,0,0,0,0,0,0,0,0,0,0,0,0,0,0,0,0,0,0,0,0,0,52,234,0,0,227,135,42,0,0,0,0,0,0,0
191:          1790261905.153 10097 10121 I ps2x    : [n8d7f] stage tiles=448 occupied=5333 active=35 packed_sha256=unavailable
192:          1790261905.154 10097 10121 I ps2x    : [n8d7f] stage_tile_counts=0,107,0,0,0,0,0,0,0,0,0,0,0,0,0,0,0,0,0,0,0,0,0,0,0,0,0,0,0,0,31,0,0,0,0,0,0,0,0,0,0,0,0,0,0,0,0,0,0,0,0,0,0,0,0,0,0,0,0,0,0,0,0,0,0,0,0,0,0,0,0,0,0,0,0,0,0,0,0,0,0,0,0,0,0,0,0,0,0,0,0,0,0,0,0,0,0,0,0,0,0,0,0,0,0,0,0,0,0,0,0,0,0,0,0,0,0,0,0,0,0,0,0,0,0,0,0,0,0,0,64,64,0,0,0,0,0,0,0,0,0,0,0,0,0,0,5,0,0,0,0,0,0,0,172,200,256,256,0,0,0,0,0,0,0,0,0,0,0,0,0,0,0,0,0,0,0,0,0,37,0,0,0,16,256,256,256,256,0,0,235,0,0,0,0,0,0,0,0,0,0,0,0,0,0,0,0,0,0,0,0,0,0,0,0,0,0,0,0,0,0,0,0,0,0,0,0,0,0,0,0,0,0,0,0,0,0,0,0,0,0,0,0,0,0,0,0,0,0,0,0,0,0,0,0,0,0,0,0,0,0,0,0,0,0,0,0,0,0,0,0,0,69,46,21,0,0,0,118,147,0,0,0,0,0,0,130,121,40,34,0,0,46,29,0,0,256,256,0,0,104,22,0,0,0,0,0,0,0,0,0,0,0,0,0,0,200,214,0,0,0,0,0,0,0,0,0,0,0,0,0,0,0,0,0,0,0,0,0,0,0,0,0,0,0,0,0,0,0,0,0,0,0,0,0,0,0,0,0,0,0,0,0,0,0,0,0,0,0,0,0,0,0,0,0,0,0,0,0,0,0,0,0,0,0,0,0,0,0,0,0,0,0,0,0,0,0,0,0,0,0,75,14,12,157,65,0,0,0,0,0,0,0,0,0,0,0,0,0,0,0,0,0,0,0,0,0,0,0,0,0,0,0,0,52,234,0,0,227,135,42,0,0,0,0,0,0,0
193:          1790261905.154 10097 10121 I ps2x    : [n8d7f] input_circuit_equal=448/448 circuit_stage_equal=448/448
194:          1790261905.154 10097 10121 I ps2x    : [n8d6a] stage=circuit1 width=512 height=224 tiles=448 occupied=5333 active=35 control=128
195:          1790261905.154 10097 10121 I ps2x    : [n8d6a] stage=pre_deinterlace_merged width=512 height=224 tiles=448 occupied=5333 active=35 control=128
196:          1790261905.154 10097 10121 I ps2x    : [n8d5b] control=128 expected=128 PASS
199:          1790261905.155 10097 10121 I ps2x    : [n8d5b] sampled_summary tiles=896 occupied=10636 active=63
200:          1790261905.155 10097 10121 I ps2x    : [n8d6a] stage=final width=512 height=448 tiles=896 occupied=10636 active=63 control=128
203:          1790261905.157 10097 10121 I ps2x    : [n8d5b] raw_summary tiles=896 occupied=10636 active=63
204:          1790261905.181 10097 10121 I ps2x    : [frame:dump] seq=0 tick=2050 size=512x448 fbp=112/112 fallback=0 fnv1a=c01b8b4f
