POLL t=10.2 tick=343
8333333
366452335918799	366452356043955	366452335987236
366452365491299	366452380699475	366452365804580
366452395840361	366452413576663	366452396161924
366452396100518	366452421794997	366452396181768
366452426970518	366452438233174	366452427272809
366452429409424	366452446451454	366452429703434
366452456732393	366452471107809	366452457160153
366452487377861	366452503982965	366452487711924
366452487749372	366452512203538	366452487800778
366452517119841	366452528641402	366452517402080
366452546838434	366452561515309	366452547147497
366452547073643	366452569732808	366452547153747
366452577249736	366452594385465	366452577533486
366452606701559	366452619040153	366452606989684
366452606860205	366452627257965	366452607035830
366452636970986	366452651914476	366452637265049
366452667527028	366452684792756	366452667822861
366452667709580	366452693013226	366452667866299
366452698124580	366452709454059	366452698402861
366452701137653	366452717674007	366452702213174
366452729074893	366452742332861	366452729360934
366452759650674	366452775205673	366452760046924
366452759820674	366452783424736	366452760082393
366452789316715	366452799862393	366452789602549
366452819833278	366452832742080	366452820126767
366452820111455	366452840961558	366452820206299
366452849137549	366452865617444	366452849444892
366452880530778	366452898501871	366452880847965
366452880762809	366452906722548	366452880853174
366452910489528	366452923164423	366452910773642
366452940755465	366452956044527	366452941051611
366452940996142	366452964264215	366452941062705
366452970311403	366452980703642	366452970590205
366453000869684	366453013583278	366453001165517
366453001041715	366453021802965	366453001171611
366453030555830	366453046461246	366453030853122
366453063243955	366453079337652	366453063603017
366453063405778	366453087555674	366453063605934
366453092968330	366453103991350	366453093276767
366453124199267	366453136868590	366453124484736
366453124482861	366453145088069	366453124569267
366453154305830	366453169749111	366453154622809
366453185646455	366453202628850	366453185951455
366453185877653	366453210848434	366453185952549
366453216351090	366453227287808	366453216648434
366453219245830	366453235508173	366453219619059
366453247863434	366453260164996	366453248160309
366453278640361	366453293042079	366453278954424
366453278855153	366453301263121	366453278966090
366453308884892	366453325924267	366453309191142
366453339334736	366453350582392	366453339636559
366453339529059	366453358801299	366453339639892
366453369948330	366453383457600	366453370231142
366453399232861	366453416337079	366453399521142
366453399679840	366453424556611	366453399766924
366453416279267	366453432777183	366453417132392
366453453447236	366453465649423	366453453620830
366453477996455	366453490308173	366453478317965
366453478194892	366453498528434	366453478322861
366453507343903	366453523190673	366453507642184
366453537718278	366453556078641	366453538044059
366453537949267	366453564300464	366453538050517
366453568792392	366453580744318	366453569176923
366453571274215	366453588964840	366453571571767
366453598922965	366453613627444	366453599225465
366453629333434	366453646512080	366453629626142
366453629681559	366453654732913	366453629780986
366453659936767	366453671175673	366453660237080
366453662929892	366453679395933	366453663858330
366453690451767	366453704061298	366453690736298
366453720667028	366453736947756	366453720956559
366453720885986	366453745169371	366453720969267
366453750801923	366453761611402	366453751087080
366453780302705	366453794493277	366453780610361
366453780483330	366453802712913	366453780624892
366453810531611	366453827375360	366453810844371
366453840942861	366453852041923	366453841243330
366453841127965	366453860263902	366453841249215
366453871664996	366453884930465	366453871953017
366453874479996	366453893153329	366453874778955
366453903124371	366453917819631	366453903408798
366453934596142	366453950702496	366453934917027
366453934834996	366453958923329	366453934922548
366453964657080	366453975364267	366453965047861
366453994990205	366454008250152	366453995264215
366453995292236	366454016473902	366453995363902
366454025837236	366454041139944	366454026125361
366454028573017	366454049361663	366454028852809
366454057390205	366454074028329	366454057667965
366454089203642	366454106916558	366454089494840
366454089461298	366454115137808	366454089576455
366454120022080	366454131582548	366454120297392
366454123093590	366454139804735	366454123391767
366454151753434	366454164471193	366454152063486
366454183523329	366454197356818	366454183832809
366454183764111	366454205577183	366454183837548
366454215224892	366454230242183	366454215520204
366454217189423	366454238464215	366454217453954
366454246831454	366454263124370	366454247090673
366454278033329	366454296002808	366454278342079
366454278280986	366454304224214	366454278342548
366454310125361	366454320666506	366454310418329
366454311861246	366454328887704	366454311960361
366454343789423	366454361769162	366454344080829
366454344969267	366454369992548	366454345257236
366454377250777	366454394657548	366454377529267
366454378353017	366454402878120	366454378641611
366454409550465	366454427539996	366454409846298
366454411742809	366454435760933	366454412122652
366454443291246	366454460423589	366454443602548
366454445154371	366454468643381	366454445439736
366454474676454	366454485082652	366454474914840
366454504474736	366454517964214	366454504796611
366454504654111	366454526186089	366454504802548
366454534245309	366454550844735	366454534537392
366454563956767	366454575506454	366454564270829
366454564162548	366454583727548	366454564274111
366454595089683	366454608392547	366454595389267
366454597496767	366454616613850	366454597790361
366454624418017	366454641281922	366454624730048
366454655488329	366454665947131	366454655802079
366454655760048	366454674170412	366454655860465
366454685244892	366454698836766	366454685555829
366454717330777	366454731720308	366454717653017
366454717593798	366454739940777	366454717660204
366454748467548	366454764602495	366454748772392
366454750872548	9223372036854775807	366454751187548

POLL t=21.2 tick=672
8333333
366463247531607	366463264151763	366463247846868
366463247960201	366463272368742	366463248062493
366463277944732	366463288803586	366463278241607
366463281360982	366463297021190	366463281652701
366463310011607	366463321673898	366463310312545
366463341033743	366463354548534	366463341356711
366463341204732	366463362768222	366463341360826
366463373292545	366463387425617	366463373605357
366463374572076	366463395645617	366463374875149
366463404232180	366463420304211	366463404537076
366463436277336	366463453177649	366463436529420
366463436550045	366463461394940	366463436644263
366463468070149	366463486048326	366463468306295
366463469850357	366463494266815	366463470143899
366463499540930	366463510701815	366463499853118
366463503242024	366463518918794	366463503717180
366463531923013	366463543569106	366463532211763
366463562648638	366463576434575	366463562971399
366463562898013	366463584651763	366463562977388
366463594516763	366463609303221	366463594808326
366463596247857	366463617520409	366463596540305
366463627344524	366463642171815	366463627742701
366463629552180	366463650389263	366463629837545
366463659057388	366463675043273	366463659370201
366463690344420	366463707909836	366463690622857
366463690683951	366463716126659	366463690770826
366463722486138	366463740776607	366463722774576
366463723934420	366463748993638	366463724131086
366463754558951	366463765427596	366463754860617
366463757395357	366463773644992	366463757631295
366463786404732	366463798294055	366463786680982
366463817731607	366463831166190	366463818061295
366463817991763	366463839384107	366463818066086
366463849615513	366463864036086	366463849920461
366463851295826	366463872254523	366463851592232
366463881818742	366463896906815	366463882097857
366463884627024	366463905124420	366463884913586
366463912714576	366463929778273	366463913011242
366463944699107	366463962642961	366463945001763
366463944912024	366463970859471	366463945006763
366463976150513	366463987291607	366463976438951
366463978505357	366463995508951	366463978811399
366464022827024	366464036589836	366464023128794
366464023084524	366464044806190	366464023130774
366464053733951	366464069456451	366464054011919
366464056438951	366464077672440	366464056717492
366464073109992	366464085888689	366464073493326
366464114985044	366464126971658	366464115289680
366464115222961	366464135188898	366464115290774
366464144071763	366464159835669	366464144361763
366464148654055	366464168051085	366464148929107
366464179776451	366464192695877	366464180070513
366464181985513	366464200911763	366464182283013
366464211411086	366464225560564	366464211724107
366464239860669	366464250212128	366464240149107
366464240396555	366464258429679	366464240479263
366464256992492	366464274863690	366464257414263
366464300231451	366464315950512	366464300538482
366464327376451	366464340603117	366464327667544
366464327704836	366464348821606	366464327826138
366464357370669	366464373474002	366464357684107
366464389155982	366464406341815	366464389444836
366464389520201	366464414559263	366464389631451
366464406284888	366464422777440	366464406716555
366464450352701	366464463871606	366464450647701
366464477623326	366464488526711	366464477768326
366464478273951	366464496745721	366464478608273
366464508192961	366464521400304	366464508388117
366464535881763	366464554278950	366464536318638
366464536313951	366464562499002	366464536395669
366464552926607	366464570719315	366464553358951
366464596250148	366464611819783	366464596301294
366464623799419	366464636481450	366464623949836
366464624503013	366464644700617	366464624830930
366464653884055	366464669355252	366464654190982
366464681776763	366464694013430	366464682094523
366464682171138	366464702231971	366464682260513
366464698817075	366464710452075	366464699227388
366464738257336	366464751544679	366464738680148
366464764289055	366464776198013	366464764574419
366464764827232	366464784417908	366464764921555
366464793903169	366464809076658	366464794201138
366464821475305	366464833734263	366464821773482
366464821870200	366464841953638	366464821958013
366464838464107	366464850173533	366464838847700
366464882935982	366464899484158	366464883217961
366464908716138	366464924139263	366464909017805
366464909067700	366464932358064	366464909184367
366464938498586	366464948792804	366464938966450
366464967603742	366464981665617	366464967907388
366464968053482	366464989884210	366464968126763
366464984664992	366464998102127	366464985059367
366465026348794	366465039195981	366465026666711
366465054739732	366465072068429	366465055040513
366465055134523	366465080286711	366465055217700
366465071872544	366465088505252	366465072296711
366465113987700	366465129598689	366465114275044
366465114362075	366465137817804	366465114453638
366465143133325	366465154254158	366465143575461
366465147662700	366465162472908	366465148082232
366465179327179	366465195348065	366465179613950
366465181192388	366465203566606	366465181490148
366465211774888	366465228225981	366465212071711
366465214426711	366465236445773	366465214731919
366465244754575	366465261105096	366465245123638
366465275004106	366465285758429	366465275282075
366465275463169	366465293977804	366465275558325
366465292134992	366465310415356	366465292533325
366465333223481	366465351508325	366465333501919
366465333627388	366465359727023	366465333733638
366465365250825	366465376165721	366465365538950
366465367145825	366465384384314	366465367398898
366465397129523	366465409043012	366465397417648
366465425564211	366465441914575	366465425834263
366465425989367	366465450132596	366465426116398
366465442651763	366465458350564	366465443060356
366465486447804	366465499443429	366465486638794
366465511822075	366465524099262	366465512117544
366465512419419	366465532318793	366465512532648
366465541584419	366465556977387	366465542035617
366465572565929	366465589850721	366465572776138
366465572949575	366465598069836	366465573057388
366465589667231	366465606289002	366465590531763
366465633817023	366465647388012	366465633983169
366465660545617	366465672047647	366465660836138
366465660900513	366465680266294	366465661003169
366465690608325	9223372036854775807	366465690915044

POLL t=32.1 tick=875
8333333
366474328126759	366474343638373	366474328479676
366474359636134	366474376513218	366474359912020
366474361419207	366474384731342	366474361713322
366474377905978	366474392948842	366474378293947
366474394610457	366474409387593	366474395006759
366474411340978	366474425825196	366474411703270
366474428059103	366474442261967	366474428370666
366474457875822	366474475139519	366474458148947
366474461235926	366474483359624	366474461523582
366474477962228	366474491578894	366474478329363
366474494600197	366474508017644	366474494975665
366474535877697	366474549105560	366474536151290
366474536243165	366474557323477	366474536339520
366474552986447	366474565541967	366474553390978
366474569666551	366474581981603	366474570028165
366474586281290	366474598420560	366474586657645
366474602950145	366474614858998	366474603332384
366474633121447	366474647733946	366474633405301
366474636328478	366474655953582	366474636626447
366474652963478	366474664173946	366474653367957
366474669627072	366474680614519	366474670001134
366474686299884	366474697054675	366474686667384
366474703016915	366474713492488	366474703391707
366474733132488	366474746367905	366474733414051
366474736277801	366474754586394	366474736565040
366474752928478	366474771024155	366474753331915
366474769610613	366474787462332	366474769991915
366474786331759	366474803902123	366474786703895
366474803092332	366474820341810	366474803350978
366474830967801	366474845001654	366474831247540
366474836342697	366474853222280	366474837346759
366474852971915	366474869661134	366474853396759
366474869643322	366474886098738	366474870020301
366474886307228	366474902536811	366474886674103
366474902979259	366474918975509	366474903376759
366474934341759	366474951850197	366474934631707
366474962127540	366474976508894	366474962418322
366474962623165	366474984725926	366474962705509
366474979170457	366474992942801	366474979566603
366475017957072	366475034034572	366475018207228
366475046764051	366475058693790	366475047032697
366475047141603	366475066913998	366475047233947
366475063798478	366475075134102	366475064219259
366475103632644	366475116232488	366475103923790
366475132103894	366475149112643	366475132279676
366475132556394	366475157333686	366475132631967
366475149152228	366475165554102	366475149937176
366475189592540	366475206651134	366475189873582
366475219549571	366475231308998	366475219805509
366475219826915	366475239527957	366475219961290
366475236548009	366475247747384	366475236960978
366475272554415	366475288847853	366475272845249
366475298765196	366475313505352	366475299058269
366475299110978	366475321724467	366475299393009
366475328736134	366475346387487	366475329031603
366475332363165	366475354608061	366475332649676
366475363610665	366475379267175	366475363904571
366475365858165	366475387488425	366475366148790
366475396170613	366475412152696	366475396471603
366475399339051	366475420374519	366475399585613
366475428745978	366475445034415	366475429013946
366475432563165	366475453253998	366475432827696
366475462147228	366475477917748	366475462428634
366475492491446	366475502580196	366475492784051
366475492874988	366475510801446	366475492974832
366475509484207	366475527242644	366475509880978
366475551750509	366475568343946	366475551903946
366475578970196	366475593008060	366475579249363
366475579396915	366475601228841	366475579489050
366475596125509	366475609448790	366475596505509
366475639318269	366475650549935	366475639490144
366475666289519	366475683434258	366475666580769
366475666627540	366475691654935	366475666749571
366475696818790	366475708097487	366475697139259
366475725523009	366475740978373	366475725799415
366475725921394	366475749198268	366475726035196
366475742593790	366475757416446	366475742990196
366475786029050	366475798511134	366475786312384
366475811906550	366475823170977	366475812497540
366475812545040	366475831392383	366475812664363
366475842192071	366475856049623	366475842480665
366475869739102	366475880705196	366475869975977
366475870207019	366475888923581	366475870339311
366475886935457	366475905361393	366475887389050
366475927015821	366475938234050	366475927307852
366475927322957	366475946453998	366475927437852
366475944039988	366475954672435	366475944403894
366475987803790	366476003983634	366475988063165
366475988382175	366476012200769	366475988764207
366476005081759	366476020418789	366476005491134
366476021720821	366476036856758	366476022092227
366476038406602	366476053296654	366476038798582
366476080111134	366476094395144	366476080440040
366476080358634	366476102614518	366476080443634
366476097099675	366476110835039	366476097452696
366476129402696	366476143713165	366476129479102
366476130622696	366476151932070	366476130934571
366476147203634	366476160151810	366476147622696
366476163954571	366476176591446	366476164308946
366476180504571	366476193029779	366476180894259
366476218262488	366476234124310	366476218568634
366476218538321	366476242342748	366476218640040
366476235245769	366476250560977	366476235654415
366476251974884	366476266996706	366476252321759
366476288181759	366476299864883	366476288295509
366476288811602	366476308082122	366476289142384
366476305561759	366476316300560	366476305945196
366476322150665	366476332737122	366476322513009
366476338814415	366476349172644	366476339171446
366476372435821	366476390268321	366476372718946
366476372910509	366476398486081	366476373018165
366476389524675	366476406703997	366476389925821
366476406138321	366476423141914	366476406516759
366476422836238	366476439581185	366476423261550
366476459449883	366476472459362	366476459761446
366476459666133	366476480678216	366476459767071
366476476406915	366476488897018	366476476797383
366476493083269	366476505333841	366476493472800
366476527929102	366476546431237	366476528204571
366476528528790	366476554650873	366476528628581
366476545347071	366476562869519	366476545748008
366476561949050	366476579308164	366476562335352
366476578638581	366476595747956	366476579021550
366476615170300	366476628629987	366476615480821
366476615344258	366476636848789	366476615484571
366476632129415	366476645067904	366476632529519
366476648806238	366476661504153	366476649192696

POLL t=43.1 tick=1100
8333333
366485375896599	366485398362015	366485376029099
366485407260818	366485423020505	366485407569724
366485409322536	366485431240296	366485409588161
366485425926390	366485439459307	366485426317693
366485471835140	366485488773629	366485472122953
366485500305349	366485513430453	366485500596390
366485500814255	366485521650036	366485500911599
366485517286859	366485529869932	366485517692224
366485562298318	366485579189515	366485562583474
366485562807693	366485587410088	366485562904203
366485594264255	366485612072536	366485594433578
366485596286234	366485620292900	366485596595661
366485612944411	366485628512172	366485613175609
366485660245297	366485677826494	366485660547849
366485688193005	366485702478109	366485688488786
366485688568942	366485710696546	366485688675297
366485718541442	366485735348994	366485718817849
366485721896442	366485743566025	366485722228474
366485753783942	366485768222015	366485754077849
366485755234359	366485776440400	366485755545453
366485786308005	366485801097171	366485786584255
366485788612953	366485809316806	366485788912067
366485819596547	366485833977379	366485819891911
366485821910140	366485842198317	366485822195817
366485853112640	366485866861337	366485853433161
366485855244672	366485875082640	366485855546130
366485886432484	366485899743525	366485886721911
366485888684411	366485907963369	366485888943005
366485919772849	366485932619984	366485920066286
366485921935661	366485940839359	366485922239984
366485953152484	366485965497744	366485953473109
366485955374567	366485973718369	366485955639411
366485986492380	366485998379046	366485986799776
366485988667172	366486006598161	366485988933265
366486019475661	366486031251963	366486019772067
366486022735349	366486039471755	366486023005505
366486054812224	366486072350713	366486055092224
366486083737171	366486097011807	366486084098786
366486084267067	366486105231754	366486084347380
366486100818786	366486113451963	366486101225609
366486145257067	366486162769098	366486145346911
366486145813734	366486170989046	366486146147849
366486176551755	366486187431025	366486176869359
366486179206755	366486195652275	366486180275140
366486195851755	366486212095192	366486196276286
366486240548630	366486253198734	366486240844203
366486241441755	366486261420035	366486241768317
366486272142067	366486286083264	366486272582067
366486274677536	366486294304671	366486274983734
366486307091442	366486318966129	366486307394255
366486308279984	366486327187275	366486308592692
366486338922484	366486351847379	366486339211130
366486341432223	366486360067275	366486341715661
366486372323005	366486384729775	366486372772484
366486374863161	366486392951338	366486375090192
366486406054828	366486417615557	366486406351130
366486408285817	366486425837327	366486408537640
366486438070817	366486450500920	366486438370192
366486441505036	366486458721650	366486441794255
366486474175973	366486491606858	366486474619880
366486474811234	366486499829202	366486474921442
366486506263734	366486524493941	366486506563786
366486508375973	366486532715139	366486508621130
366486539412692	366486557377692	366486539608734
366486541589880	366486565600348	366486541908525
366486572552223	366486590267327	366486573000765
366486575021703	366486598490035	366486575277015
366486606123473	366486623153056	366486606452953
366486608345505	366486631374514	366486608648161
366486638971859	366486656035869	366486639295817
366486641562484	366486664255244	366486641848473
366486672813109	366486688915348	366486673262848
366486674946286	366486697135296	366486675258942
366486705967536	366486721797483	366486706287380
366486708155765	366486730019202	366486708455296
366486724929827	366486738241338	366486725324984
366486769569202	366486787566025	366486770016286
366486770125817	366486795787379	366486770220973
366486802693630	366486820450973	366486803005921
366486803306598	366486828670920	366486803710036
366486835495140	366486853330087	366486835793630
366486836699098	366486861549984	366486837022848
366486867985921	366486886209515	366486868267015
366486870188942	366486894428942	366486870558734
366486901904879	366486919092431	366486902194359
366486903456859	366486927313369	366486903785661
366486934501442	366486951977483	366486934799098
366486936714411	366486960199462	366486937008265
366486968748004	366486984862847	366486968882692
366486970122223	366486993082743	366486970438004
366487001320504	366487017743160	366487001649879
366487003466390	366487025964566	366487003764254
366487035465192	366487050629931	366487035544671
366487037003473	366487058851962	366487037310036
366487068064984	366487083513160	366487068240348
366487070066442	366487091733160	366487070447952
366487101704359	366487116394723	366487101949254
366487103597379	366487124614670	366487103872379
366487135053786	366487149278317	366487135333577
366487136897379	366487157500087	366487137203473
366487168341442	366487182165556	366487168648890
366487170271286	366487190388317	366487170532223
366487201841754	366487215053733	366487202150296
366487203637692	366487223275400	366487203931129
366487235201286	366487247943733	366487235469723
366487236879098	366487256165816	366487237181129
366487268524411	366487280833421	366487268829254
366487270237848	366487289054879	366487270558890
366487301408317	366487313720660	366487301739567
366487303507067	366487321943368	366487303791129
366487320204202	366487338387379	366487320604984
366487362359254	366487379493994	366487362626129
366487390172223	366487404157275	366487390334411
366487390810661	366487412379931	366487391157223
366487421258265	366487437043993	366487421542536
366487424059411	366487445265816	366487424346598
366487454857536	366487469929983	366487455176598
366487457399879	366487478151285	366487457689723
366487474127067	366487486373368	366487474384202
366487518142015	366487535710764	366487518414202
366487518479723	366487543933577	366487518578161
366487549705348	366487560378160	366487549984254
366487551917223	366487568600139	366487552115140
366487568495452	366487585043785	366487568908421
366487610589723	366487626152014	366487610870921
366487639260192	366487650812899	366487639509567
366487639659358	366487659034462	366487639770192

POLL t=54.1 tick=1461
8333333
366496207092845	366496232502427	366496207216595
366496245414407	366496257157271	366496245696543
366496245735032	366496265374667	366496245814772
366496284447220	366496298247636	366496284757532
366496284695449	366496306464771	366496284777480
366496323375345	366496339335449	366496323686386
366496323541438	366496347554042	366496323695293
366496360539876	366496372208886	366496360828105
366496360692220	366496380428677	366496360841126
366496399487324	366496413308521	366496399766126
366496399761907	366496421528313	366496399862115
366496433965136	366496446185240	366496434260449
366496434110032	366496454405709	366496434264876
366496469608001	366496487286542	366496469911074
366496469774563	366496495506698	366496469925188
366496504495188	366496520169146	366496504788782
366496504671543	366496528389719	366496504828313
366496541676907	366496553050552	366496541975292
366496541857376	366496561270501	366496541981386
366496585838001	366496602370813	366496586117063
366496586169251	366496610591177	366496586266282
366496622140292	366496635255240	366496622448626
366496622316282	366496643477844	366496622454563
366496659940657	366496676365865	366496660244824
366496660263730	366496684586959	366496660370292
366496696727167	366496709250604	366496697032063
366496696908574	366496717472948	366496697037063
366496733805501	366496750359458	366496734214876
366496734024563	366496758581334	366496734226126
366496769796855	366496783244823	366496770111594
366496769955813	366496791464875	366496770129876
366496805701230	366496824352167	366496806006907
366496805844511	366496832574094	366496806010657
366496842584042	366496857238938	366496842893417
366496842825292	366496865461230	366496842900501
366496859562532	366496873682584	366496859930969
366496876274199	366496890128678	366496876650657
366496907245501	366496923012896	366496907552063
366496909472167	366496931234302	366496909768001
366496942730813	366496955903416	366496943046438
366496942899824	366496964125292	366496943060813
366496978697011	366496997013729	366496978999719
366496978855136	366497005235813	366496979002949
366497015622219	366497029905135	366497015920969
366497015786282	366497038128261	366497015926594
366497051163261	366497062796802	366497051444563
366497051312532	366497071019927	366497051457532
366497087696594	366497103913313	366497088016282
366497087874980	366497112136178	366497088033886
366497124877532	366497136803156	366497125175188
366497125040032	366497145025083	366497125178157
366497141757844	366497153246594	366497142139719
366497172489719	366497186131906	366497172781282
366497175082688	366497194353781	366497175384251
366497212363157	366497227243312	366497212665657
366497212637792	366497235464979	366497212733886
366497249025969	366497260126542	366497249331907
366497249262219	366497268348364	366497249332844
366497285624251	366497301231125	366497285921438
366497285775813	366497309451802	366497285950761
366497329468782	366497342333833	366497329777323
366497329651438	366497350555709	366497329789719
366497363676438	366497375214562	366497363970501
366497363848886	366497383434719	366497363974980
366497400249198	366497416317219	366497400557375
366497400408469	366497424539198	366497400560500
366497435996073	366497449203209	366497436413261
366497436168938	366497457423261	366497436427167
366497468499875	366497482087270	366497468792375
366497469542636	366497490309980	366497469847063
366497505623469	366497523193261	366497505933573
366497505777532	366497531413261	366497505938469
366497539266125	366497556076906	366497539648105
366497539437480	366497564298729	366497539721073
366497585768313	366497597179458	366497586062532
366497585927844	366497605399823	366497586079719
366497626701125	366497638283105	366497626988625
366497626892011	366497646503520	366497626994407
366497662797011	366497679387948	366497663106907
366497662954563	366497687609562	366497663111542
366497699277792	366497712273208	366497699571698
366497699431125	366497720494614	366497699575188
366497736069407	366497753380083	366497736381125
366497736254094	366497761598729	366497736388000
366497772239875	366497786260240	366497772520500
366497772425344	366497794482010	366497772524511
366497808882167	366497819145761	366497809175605
366497809040917	366497827366176	366497809180500
366497848639250	366497860252219	366497848923417
366497848896386	366497868473469	366497849012792
366497886434250	366497901358208	366497886734875
366497886743782	366497909580447	366497886860344
366497923876907	366497934242792	366497924178625
366497924142219	366497942465969	366497924249250
366497962403938	366497975352063	366497962708000
366497962639250	366497983573885	366497962713782
366498001284094	366498016458052	366498001594407
366498001533782	366498024680552	366498001600136
366498038407948	366498049348885	366498038721438
366498038592948	366498057572166	366498038726438
366498077263417	366498090464041	366498077556906
366498077445292	366498098687583	366498077561594
366498094243938	366498106910344	366498094624979
366498136393261	366498148021333	366498136671386
366498136671438	366498156241750	366498136768781
366498153342636	366498164462479	366498153720917
366498188981854	366498205572010	366498189276438
366498189307844	366498213793833	366498189364406
366498227473729	366498238461489	366498227800813
366498227730292	366498246683781	366498227804198
366498244439094	366498254907115	366498244819875
366498280605969	366498296016906	366498280892375
366498280832948	366498304238260	366498280908313
366498320308469	366498337123104	366498320585500
366498320491281	366498345343573	366498320619406
366498364581438	366498378228728	366498364888938
366498364757011	366498386450760	366498364895031
366498405574094	366498419337531	366498405871125
366498405735136	366498427559510	366498405875969
366498439620813	366498452223938	366498439943625
366498439801438	366498460444927	366498439947636
366498472563938	366498485107687	366498472849563
366498473182844	366498493328573	366498473517167
366498507905344	366498517989145	366498508216125
366498508151906	366498526210500	366498508222375
366498541611698	366498559097791	366498541969823
366498541911385	366498567319406	366498541982792

POLL t=65.0 tick=1627
8333333
366507417710497	366507428152684	366507418077997
366507434326903	366507452804820	366507434709559
366507451033934	366507469238569	366507451422215
366507467705184	366507485674195	366507468084872
366507484376226	366507502108934	366507484752788
366507501033257	366507518544558	366507501415809
366507550240340	366507567849455	366507550371278
366507550361851	366507576068101	366507550469090
366507567191695	366507584286851	366507568417215
366507583795653	366507600724298	366507584167632
366507600454872	366507617161798	366507600867215
366507617149715	366507633600756	366507617523778
366507633792997	366507650036590	366507634172840
366507650443465	366507666471955	366507650823465
366507667081226	366507682908256	366507667467840
366507683738934	366507699344610	366507684133153
366507700408153	366507715781017	366507700800028
366507717105653	366507732215756	366507717456226
366507750698569	366507765085027	366507751030809
366507751052215	366507773304298	366507751169872
366507767645757	366507781523048	366507768094507
366507784314090	366507797958100	366507784689090
366507800988257	366507814396850	366507801355653
366507817608726	366507830835600	366507817989715
366507834318101	366507847270652	366507834707215
366507850985028	366507863707684	366507851364872
366507867652372	366507880146486	366507868023778
366507884312840	366507896582683	366507884688569
366507900970809	366507913018725	366507901350340
366507917606382	366507929452840	366507917997684
366507950523778	366507962323308	366507950869715
366507950968778	366507970540756	366507951083153
366507967661746	366507978759923	366507968115028
366507984373778	366507995200131	366507984747059
366508001043309	366508011637996	366508001420757
366508017735444	366508036295860	366508018084246
366508034375653	366508052733256	366508034755653
366508051035601	366508069167110	366508051410340
366508067705496	366508085601694	366508068095184
366508084387215	366508102037631	366508084763257
366508101006121	366508118470444	366508101390757
366508117776590	366508143121590	366508131043413
366508149701590	366508167777163	366508150077996
366508152343153	366508175997215	366508152674715
366508167671069	366508184215860	366508168069715
366508184397996	366508200651537	366508184772632
366508201052528	366508217087892	366508201420184
366508217724090	366508233522735	366508218089871
366508234394507	366508249957215	366508234765288
366508251055601	366508266392111	366508251424403
366508267725288	366508282825391	366508268092476
366508284387528	366508299262475	366508284767215
366508301090288	366508315697475	366508301457163
366508333980340	366508348565913	366508334310028
366508334453257	366508356783517	366508334559350
366508351141590	366508365001903	366508351607059
366508367807059	366508381438048	366508368174403
366508384453153	366508397874714	366508384827528
366508401123934	366508414311121	366508401485132
366508417786903	366508430747371	366508418172996
366508434445184	366508447182579	366508434816278
366508451132996	366508463618725	366508451494350
366508467786121	366508480053152	366508468158882
366508484446278	366508496486590	366508484832059
366508501122319	366508512922110	366508501493778
366508533098621	366508545791850	366508533425132
366508534401590	366508554010027	366508534733934
366508551084715	366508562228100	366508551499246
366508567808413	366508578663517	366508568242163
366508584459663	366508595097110	366508584840288
366508601130496	366508619748777	366508601501382
366508617790027	366508636185391	366508618167215
366508634458621	366508652619715	366508634838621
366508651127632	366508669053986	366508651505652
366508667786225	366508685488517	366508668160340
366508684463100	366508701919506	366508684839038
366508701127215	366508718351902	366508701506902
366508736494038	366508751214454	366508736876121
366508736893309	366508759430965	366508737022840
366508761677840	366508775861850	366508762031902
366508770027944	366508784078568	366508770447059
366508786755340	366508800510861	366508787123152
366508803395444	366508816943308	366508803783100
366508820100965	366508833376225	366508820477215
366508836800444	366508849808934	366508837176590
366508853412059	366508866242162	366508853790340
366508870133309	366508882674038	366508870508257
366508886790600	366508899105547	366508887170184
366508903415027	366508915537787	366508903795340
366508941107371	366508956610912	366508941398777
366508941415965	366508964824871	366508941537215
366508958062632	366508973038620	366508958471277
366508974748100	366508989466902	366508975150600
366508991378256	366509005900808	366508991755809
366509008104559	366509022335027	366509008476277
366509024753934	366509038770079	366509025128413
366509041419559	366509055202370	366509041788934
366509058082163	366509071638620	366509058450496
366509074755809	366509088077943	366509075123256
366509091371746	366509104515756	366509091743725
366509108121746	366509120953517	366509108486434
366509144236902	366509162046277	366509144551694
366509144522215	366509170264090	366509144631538
366509161154715	366509178480912	366509162251434
366509177818881	366509194916381	366509178204975
366509194495600	366509211353255	366509194877683
366509211249246	366509227792944	366509211613100
366509227916121	366509244229974	366509228196069
366509244504038	366509260669402	366509244882058
366509261190913	366509277105860	366509261555027
366509277797215	366509293540860	366509278176277
366509294505288	366509309975548	366509294882527
366509311202371	366509334622683	366509324210652
366509344627788	366509359278256	366509344971121
366509344895913	366509367495912	366509344976277
366509361504402	366509375712944	366509361886069
366509378311590	366509392150027	366509378602944
366509394908256	366509408585547	366509395274663
366509411565808	366509425020287	366509411936850
366509428229090	366509441455235	366509428600652
366509444895652	366509457890912	366509445265496
366509461561277	366509474324141	366509461927840
366509478234871	366509490756641	366509478604090
366509494892163	366509523627162	366509506579090
366509524402006	366509540063517	366509524692058
366509550130652	366509564717891	366509550442631
366509550261746	9223372036854775807	366509550466277

POLL t=76.0 tick=1724
8333333
366518352697368	366518367828721	366518353070336
366518398581742	366518408933617	366518399024399
366518398919503	366518417155023	366518399036690
366518415423722	366518433597315	366518415808774
366518432195649	366518450040596	366518432569711
366518448810128	366518466483304	366518449185492
366518465476274	366518482925544	366518465847211
366518482141899	366518499365336	366518482515128
366518498805961	366518515804607	366518499217055
366518515474815	366518532243930	366518515974242
366518532165024	366518548685856	366518532537159
366518574739503	366518589790961	366518575171742
366518575034190	366518598012888	366518575185180
366518591617211	366518606234763	366518592133149
366518608247784	366518622676794	366518608621899
366518624966274	366518639116742	366518625354190
366518641607784	366518655559867	366518642003461
366518658275024	366518671999658	366518658656742
366518674934190	366518688439711	366518675354815
366518691600805	366518704877471	366518692022680
366518708264815	366518721317367	366518708648149
366518752120961	366518762418513	366518752471899
366518752390180	366518770639971	366518752477628
366518768997992	366518787081482	366518769388149
366518785705180	366518803523721	366518786086274
366518802382211	366518819967263	366518802758149
366518819048305	366518836408669	366518819443461
366518835715596	366518852846898	366518836098305
366518852381117	366518869283721	366518852760961
366518869046534	366518885724762	366518869436378
366518885713253	366518902164554	366518886090284
366518926357003	366518943264190	366518926799867
366518926504971	366518951483149	366518926885649
366518943177055	366518959701898	366518943646221
366518959929399	366518976139555	366518960369034
366518976559399	366518992578721	366518976944086
366518993280909	366519009015961	366518993660492
366519009946430	366519025454242	366519010314659
366519026604867	366519041893877	366519026977211
366519043280180	366519058332263	366519043651065
366519059954034	366519074770700	366519060321586
366519103977680	366519115870231	366519104335023
366519104200440	366519124092158	366519104345805
366519120859867	366519132314502	366519121237523
366519137517055	366519148757470	366519137895753
366519154250648	366519165203721	366519154617992
366519170908773	366519181644138	366519171329659
366519187535805	366519198083981	366519187928096
366519204243409	366519222739606	366519204619711
366519220888461	366519239178200	366519221277367
366519237527159	366519255617575	366519237909398
366519281457680	366519296713044	366519281833930
366519281637680	366519304933200	366519281898930
366519298308930	366519313153200	366519298696586
366519315009971	366519329590700	366519315396586
366519331700961	366519346027887	366519332087940
366519348372680	366519362465961	366519348740753
366519365030961	366519378905127	366519365405023
366519381644242	366519395344971	366519382017055
366519398350753	366519411786898	366519398725805
366519415028930	366519428228669	366519415398461
366519458666898	366519469328044	366519459062367
366519458885023	366519477548565	366519459072680
366519475570440	366519493989867	366519476128877
366519492248409	366519510430544	366519492617159
366519508911117	366519526870544	366519509278930
366519525577836	366519543312106	366519525948877
366519542242627	366519559755075	366519542623930
366519558909555	366519576198565	366519559288305
366519575574867	366519592640127	366519575953930
366519592239086	366519609081481	366519592657367
366519637662992	366519650184606	366519638040284
366519639630596	366519658403252	366519640151898
366519654494398	366519666623148	366519654881586
366519671222992	366519683064450	366519671767211
366519687894398	366519699506117	366519688262211
366519704556117	366519715946012	366519704921846
366519721222002	366519732381949	366519721607211
366519737893252	366519748819398	366519738271586
366519754553929	366519765259814	366519754947940
366519771221429	366519789915492	366519771591898
366519811918877	366519822792367	366519812191898
366519812211273	366519831012575	366519812365023
366519828893409	366519847451846	366519829281846
366519845588148	366519863894241	366519845984971
366519862273148	366519880335544	366519862656273
366519878911898	366519896775752	366519879289554
366519895582054	366519913215283	366519895959398
366519912288773	366519929654762	366519912684242
366519928939346	366519946095856	366519929310752
366519945565127	366519962536741	366519945945284
366519990147940	366520003644345	366519990463617
366519990497836	366520011865700	366519990611742
366520007057992	366520020087783	366520007450023
366520023739502	366520036531377	366520024116586
366520040460492	366520052973095	366520040850179
366520057110023	366520069415700	366520057466846
366520073783304	366520085858199	366520074151377
366520090444711	366520102301221	366520090806742
366520107091273	366520118741637	366520107451742
366520123723408	366520135179606	366520124095804
366520166432471	366520184498720	366520166725283
366520190855336	366520209155179	366520191199190
366520191074815	366520217375127	366520191204867
366520207815440	366520225595179	366520208210961
366520224474086	366520242034606	366520224867523
366520241174398	366520258474815	366520241546533
366520257784033	366520274913616	366520258161273
366520274499398	366520291353877	366520274871273
366520291158148	366520307793148	366520291532054
366520307796117	366520324233199	366520308179086
366520348339554	366520365328825	366520348642523
366520348840596	366520373546793	366520349053460
366520365413096	366520381766116	366520366277210
366520382080023	366520398205075	366520382455960
366520398733304	366520414645595	366520399124242
366520415393148	366520431085022	366520415772315
366520432096429	366520447522106	366520432473252
366520448761221	366520463959450	366520449177367
366520465426898	366520480399762	366520465803096
366520482091273	366520496839814	366520482467158
366520525915648	366520537940074	366520526301846
366520526104554	366520546161116	366520526320596
366520542763565	366520554382158	366520543158148
366520559469815	366520570824866	366520559849867
366520576140335	366520587265960	366520576519867
366520592868929	9223372036854775807	366520593238617

POLL t=87.0 tick=1796
8333333
366529391823301	366529406627623	366529392351582
366529408487363	366529423065956	366529408854655
366529425167832	366529439504446	366529425529551
366529441819863	366529455942519	366529442184655
366529458487676	366529472380852	366529458873249
366529475149395	366529488820384	366529475510332
366529491818457	366529505262623	366529492201426
366529531037676	366529546361425	366529531420957
366529531246113	366529554582571	366529531471426
366529547872832	366529562802258	366529548245749
366529564558613	366529579244133	366529564940176
366529581228457	366529595684394	366529581617363
366529597951426	366529612123769	366529598318457
366529614611113	366529628563404	366529614982155
366529631278613	366529645000800	366529631646999
366529647942988	366529661440175	366529648313769
366529664620176	366529677879185	366529664994967
366529702173874	366529718973248	366529702625280
366529702335957	366529727192780	366529702636269
366529719011999	366529735412050	366529719414342
366529735721999	366529751850227	366529736087519
366529752405644	366529768288821	366529752768457
366529769097832	366529784731269	366529769619655
366529785709551	366529801174030	366529786095801
366529802355332	366529817612310	366529802776426
366529819008769	366529834050644	366529819396217
366529835679238	366529850490175	366529836083717
366529872380801	366529883368456	366529872891582
366529872561426	366529891588665	366529872911113
366529889208144	366529908028873	366529889607051
366529905876426	366529924468457	366529906266426
366529922559967	366529940909915	366529922947051
366529939211686	366529957348300	366529939638561
366529955877519	366529973787779	366529956261842
366529972550644	366529990226737	366529972929863
366529989212207	366530006666164	366529989595332
366530005872207	366530023103352	366530006262051
366530044577467	366530055979030	366530044975019
366530044738301	366530064196738	366530044981269
366530061366842	366530072414446	366530061762207
366530078102051	366530088850227	366530078528561
366530094764811	366530105287207	366530095135280
366530111422363	366530129939914	366530111843144
366530128096061	366530146373509	366530128518405
366530144735123	366530162808612	366530145143873
366530161389394	366530179245332	366530161785436
366530178066998	366530195681112	366530178456373
366530230083405	366530244992779	366530230396582
366530230228300	366530253212259	366530230402207
366530246878613	366530261431060	366530247275644
366530263593405	366530277869185	366530263971373
366530280258144	366530294306685	366530280634238
366530296920905	366530310746321	366530297305800
366530313585800	366530327186685	366530313969394
366530330246582	366530343624446	366530330668561
366530346924967	366530360064029	366530347314863
366530363640957	366530376504550	366530364045800
366530399392623	366530417599914	366530399753717
366530399625436	366530425818925	366530399760800
366530416227988	366530434037311	366530416621269
366530432920488	366530450476686	366530433300800
366530449617519	366530466917623	366530449990332
366530466280957	366530483355280	366530466661217
366530482949550	366530499794967	366530483424550
366530499622988	366530516236009	366530500073300
366530516282832	366530532673300	366530516676998
366530532924863	366530549112467	366530533309811
366530571163248	366530581990122	366530571550488
366530571357050	366530590209446	366530571618092
366530588087311	366530598429081	366530588411113
366530604726269	366530623085487	366530605116373
366530621384394	366530639525592	366530621764394
366530638042675	366530655965331	366530638454967
366530654721582	366530672401269	366530655139707
366530671380488	366530688839446	366530671757623
366530688086738	366530705275904	366530688453457
366530704721738	366530721715279	366530705097519
366530742906425	366530754590748	366530743262467
366530743068925	366530762809706	366530743327832
366530759731269	366530771028664	366530760131582
366530776417207	366530787467883	366530776806425
366530793161842	366530803908560	366530793537363
366530809815175	366530828567467	366530810194342
366530826451061	366530845006893	366530826838144
366530843176269	366530861447206	366530843593717
366530859834967	366530877887987	366530860248769
366530876490956	366530894331685	366530876863925
366530910271425	366530927212831	366530910588144
366530934418717	366530951873091	366530934783769
366530934689550	366530960093664	366530934789394
366530951426061	366530968314029	366530951837936
366530968068769	366530984754863	366530968457050
366530984730748	366531001194914	366530985106581
366531001402206	366531017631998	366531001773456
366531018096269	366531034072363	366531018460436
366531034746738	366531050511425	366531035128561
366531051430123	366531066951320	366531051793717
366531082211529	366531099827883	366531082653717
366531084759498	366531108046112	366531085098404
366531101336686	366531116264290	366531101727519
366531118108613	366531132702102	366531118482467
366531134772206	366531149142258	366531135136217
366531151423613	366531165583092	366531151800904
366531168136269	366531182022726	366531168494498
366531184762363	366531198461113	366531185131686
366531201439550	366531214896790	366531201807363
366531218072311	366531231333612	366531218449186
366531253621425	366531272425070	366531253938300
366531254077206	366531280645122	366531254195435
366531270788092	366531288865383	366531271178769
366531287429238	366531305305019	366531287836842
366531304093248	366531321744289	366531304464238
366531320734550	366531338182466	366531321122363
366531337402363	366531354619342	366531337781738
366531354069706	366531371057101	366531354478456
366531370732988	366531387493716	366531371210488
366531387401269	366531403929549	366531387781738
366531428130175	366531445016946	366531428483300
366531428477988	366531453233977	366531428613456
366531444986581	366531461451685	366531445578300
366531461726998	366531477888508	366531462103769
366531478380592	366531494325591	366531478753092
366531495044081	366531510761893	366531495410748
366531511720904	366531527197466	366531512078873
366531528388300	366531543631581	366531528751425
366531545040331	366531560069706	366531545426581
366531561732519	366531576509237	366531562110644

POLL t=98.0 tick=1872
8333333
366540467770015	366540485830744	366540467983713
366540484354026	366540502268608	366540484737515
366540501085901	366540518705119	366540501467047
366540517743922	366540535141317	366540518125328
366540534406682	366540551578609	366540534786057
366540551077515	366540568018140	366540551491422
366540567739547	366540584457202	366540568137932
366540584407776	366540600896786	366540584778765
366540601078765	366540617336056	366540601457672
366540637129546	366540650213660	366540637475171
366540637295119	366540658434129	366540637480171
366540653957515	366540666655015	366540654386057
366540670693296	366540683093921	366540671062932
366540687355119	366540699532567	366540687742984
366540704034182	366540715971213	366540704390953
366540720638453	366540732410014	366540721022828
366540737297463	366540748848765	366540737679963
366540753959182	366540765286317	366540754337776
366540770645953	366540781724077	366540771015796
366540805870901	366540822817984	366540806375119
366540806184703	366540831037098	366540806384963
366540822672359	366540839256108	366540823014078
366540839430171	366540855693556	366540839813453
366540856124234	366540872128452	366540856502619
366540872820744	366540888563453	366540873206890
366540889481994	366540905000900	366540889849703
366540906163869	366540921436993	366540906541109
366540922816526	366540937871681	366540923190953
366540939483140	366540954303869	366540939875015
366540975316421	366540987173973	366540975487046
366540975653557	366540995390431	366540975803296
366540992152359	366541003606994	366540992550171
366541008888088	366541020040536	366541009259338
366541025551421	366541036473609	366541025927671
366541042212671	366541052905640	366541042605328
366541058887984	366541069341525	366541059256578
366541075548609	366541093992515	366541075968765
366541092221890	366541110426733	366541092599234
366541108880588	366541126860223	366541109254182
366541145816109	366541159731837	366541146310484
366541146005484	366541167949754	366541146331109
366541162652619	366541176169077	366541163074390
366541179293296	366541192606317	366541179688296
366541196032515	366541209043035	366541196384234
366541212654025	366541225482045	366541213044859
366541229318453	366541241920692	366541229700015
366541246042150	366541258357775	366541246407984
366541262709703	366541274793817	366541263142515
366541279433453	366541291230796	366541279791057
366541324690796	366541340540118	366541325019234
366541324800796	366541348758973	366541325058088
366541341488400	366541356976317	366541341880327
366541358175327	366541373412202	366541358559702
366541374841734	366541389847254	366541375220952
366541391501577	366541406282827	366541391892307
366541408212827	366541422719337	366541408572984
366541424846682	366541439156160	366541425226213
366541441507202	366541455593243	366541441932150
366541458179494	366541472030222	366541458571265
366541493530015	366541504904494	366541493919390
366541495547202	366541513122566	366541496260588
366541510320119	366541521340014	366541510735640
366541527063140	366541537774025	366541527503452
366541543696057	366541554208036	366541544076109
366541560361369	366541570644597	366541560741682
366541577028400	366541595302566	366541577411369
366541593684702	366541611738868	366541594074650
366541610345275	366541628179545	366541610731369
366541627022515	366541644616473	366541627428765
366541666930640	366541685712462	366541667315015
366541667122515	366541693930900	366541667336577
366541683776057	366541702148609	366541684163296
366541700474546	366541718586369	366541700860327
366541717156577	366541735022775	366541717534859
366541733824546	366541751457775	366541734198765
366541750490952	366541767892462	366541750871109
366541767157046	366541784327931	366541767531838
366541783827306	366541800761889	366541784199859
366541800488921	366541817195223	366541800933921
366541849777775	366541866507098	366541850347671
366541850123400	366541874725379	366541850355015
366541866800275	366541882944598	366541867038296
366541883467827	366541899385119	366541883911577
366541900236265	366541915822879	366541900612046
366541916839546	366541932257202	366541917207463
366541933514859	366541948689337	366541933881890
366541950158244	366541965123399	366541950572150
366541966845327	366541981561264	366541967214390
366541983511890	366541997998816	366541983892046
366542016481838	366542030873139	366542016797046
366542016818921	366542039090222	366542016956525
366542033523765	366542047307150	366542033906890
366542050220327	366542063741941	366542050597150
366542066916265	366542080179650	366542067283400
366542083590796	366542096617671	366542083956577
366542100270171	366542113056629	366542100627671
366542116933556	366542129493347	366542117293452
366542133575900	366542145929285	366542133936265
366542150240640	366542162363816	366542150625483
366542180163921	366542195234390	366542180383452
366542183548921	366542203452202	366542183840952
366542200230952	366542211669389	366542200650015
366542216906577	366542228106264	366542217291369
366542233544390	366542244542619	366542233930744
366542250242358	366542260982619	366542250623140
366542266899181	366542285641316	366542267270171
366542283582671	366542302078452	366542283942619
366542300201108	366542318515483	366542300591890
366542316837515	366542334953920	366542317244338
366542354107463	366542367831056	366542354639077
366542354521369	366542376051056	366542354647046
366542370946890	366542384271212	366542371415015
366542387616212	366542400711056	366542388059233
366542404309233	366542417152358	366542404690119
366542420976421	366542433592931	366542421354390
366542437641212	366542450035847	366542438024233
366542454353712	366542466475483	366542454723921
366542471017358	366542482914806	366542471378556
366542487633608	366542499353035	366542488009806
366542524974337	366542540452097	366542525334077
366542525226681	366542548670691	366542525338244
366542541845015	366542556890483	366542542239077
366542558538921	366542573329337	366542558917619
366542575194077	366542589766265	366542575575640
366542591881108	366542606202826	366542592262827
366542608610327	366542622640431	366542608980483
366542625278087	366542639078556	366542625642150

POLL t=109.1 tick=1949
8333333
366551511196209	366551523006156	366551511584074
366551527859074	366551539439958	366551528231886
366551544516522	366551555873969	366551544890011
366551561189334	366551572308761	366551561595949
366551577857824	366551588743188	366551578230480
366551611129855	366551621613396	366551611502303
366551611314646	366551629831052	366551611519699
366551627965792	366551646264855	366551628349959
366551644667980	366551662696730	366551645063865
366551661343449	366551679127458	366551661726209
366551678009803	366551695558552	366551678397667
366551694677146	366551711992563	366551695052824
366551711347355	366551728427250	366551711762146
366551728020324	366551744862928	366551728382667
366551744684334	366551761301156	366551745059542
366551776604699	366551794176053	366551776994386
366551806543865	366551818833187	366551806837823
366551806678396	366551827050844	366551806850011
366551823417042	366551835266990	366551823839386
366551840103136	366551851699282	366551840469230
366551856772042	366551868132615	366551857148917
366551873433084	366551884563552	366551873803448
366551890068709	366551900995896	366551890442511
366551906765323	366551917430896	366551907191417
366551943419230	366551958513292	366551943772667
366551943652771	366551966731052	366551943779334
366551960281417	366551974950532	366551960665323
366551977025896	366551991386417	366551977396417
366551993644698	366552007823969	366551994038709
366552010346209	366552024261782	366552010760167
366552027013709	366552040697979	366552027381886
366552043672980	366552057135323	366552044066678
366552060341365	366552073571208	366552060728865
366552077016209	366552090008709	366552077400323
366552110424021	366552122884125	366552110779542
366552110583084	366552131102459	366552110828761
366552127254386	366552139321625	366552127640271
366552143961261	366552155759489	366552144342511
366552160675792	366552172194073	366552161033240
366552177272198	366552188628813	366552177653709
366552193973240	366552205064125	366552194343709
366552210638761	366552221497406	366552211009855
366552227301990	366552237933083	366552227672042
366552243995323	366552262586833	366552244366261
366552277460115	366552295456468	366552277847511
366552277638084	366552303676156	366552277900167
366552294297459	366552311894282	366552294739230
366552310970115	366552328330114	366552311428709
366552327691105	366552344765427	366552328091261
366552344377980	366552361199021	366552344766573
366552361028709	366552377633187	366552361409490
366552377696834	366552394068500	366552378075167
366552394365584	366552410505948	366552394736417
366552411039542	366552426941573	366552411405636
366552442848448	366552459809958	366552443169386
366552444395271	366552468026885	366552444865479
366552461036209	366552476244854	366552461411886
366552477712354	366552492680063	366552478099229
366552494379698	366552509115479	366552494754177
366552511046886	366552525547511	366552511424334
366552527709646	366552541983447	366552528094021
366552544372354	366552558418604	366552544742354
366552561039229	366552574852146	366552561409490
366552577706521	366552591284437	366552578072511
366552620679177	366552632370739	366552621000896
366552620799698	366552640588396	366552621011886
366552637499386	366552648805479	366552637916834
366552654236417	366552665238500	366552654611209
366552670910948	366552681674438	366552671277979
366552687566104	366552706325687	366552687953552
366552704189229	366552722760531	366552704576521
366552720831834	366552739195843	366552721214854
366552737547927	366552755629802	366552737942615
366552754231573	366552772062510	366552754606521
366552788110740	366552804930114	366552788382198
366552788404021	366552813147250	366552788618604
366552805093292	366552821362823	366552805406886
366552821700636	366552837794281	366552822083761
366552838332042	366552854227458	366552838720636
366552855051886	366552870663030	366552855426573
366552871718448	366552887097197	366552872088552
366552888372511	366552903532354	366552888735948
366552905063083	366552919967094	366552905432667
366552921753917	366552936400531	366552922140323
366552953059542	366552969277353	366552953267146
366552980056365	366552993931364	366552980393917
366552980495167	366553002151625	366552980631417
366552997082042	366553010370791	366552997455479
366553013783292	366553026806625	366553014152927
366553030448604	366553043241312	366553030828083
366553047051208	366553059676729	366553047435792
366553063732511	366553076114228	366553064120479
366553080460115	366553092549332	366553080819854
366553122572198	366553133638239	366553122845896
366553122791885	366553141855948	366553122975427
366553139506208	366553150073760	366553139907927
366553156205479	366553174726937	366553156577823
366553172880323	366553191162353	366553173267042
366553189539646	366553207599749	366553189913604
366553206222667	366553224039437	366553206590479
366553222890740	366553240479021	366553223266521
366553239499698	366553256919177	366553239878083
366553256212510	366553273357145	366553256593552
366553289678604	366553306233917	366553290083865
366553289986260	366553314452562	366553290106781
366553306635792	366553322672249	366553307156104
366553323285010	366553339111573	366553323692927
366553339955115	366553355548552	366553340336417
366553356681729	366553371987771	366553357048552
366553373312354	366553388427927	366553373722510
366553389975479	366553404867823	366553390335427
366553406642042	366553421305895	366553407041208
366553423300583	366553437743447	366553423697354
366553458734177	366553470620531	366553459046833
366553458922198	366553478838812	366553459057146
366553475585010	366553487057354	366553475991573
366553492317927	366553503498864	366553492679073
366553508959073	366553519938760	366553509342354
366553525607146	366553536377145	366553525980792
366553542253083	366553561034801	366553542634229
366553558910114	366553577471156	366553559303917
366553575569854	366553593910374	366553575987823
366553592291573	366553610348187	366553592661364
366553623596677	366553635001260	366553623962042
366553625631052	366553643219853	366553626095948
366553642338864	366553659656676	366553642744646
366553658974802	9223372036854775807	366553659357667

POLL t=120.1 tick=2025
8333333
366562476042976	366562493107559	366562476390163
366562492681257	366562509541882	366562493057976
366562530706986	366562542414746	366562531116726
366562530992455	366562550631725	366562531196257
366562547562038	366562558848809	366562547950424
366562564279069	366562575282767	366562564656830
366562580947819	366562591718496	366562581313601
366562597588132	366562616376048	366562597963601
366562614233601	366562632812871	366562614622038
366562630893444	366562649249903	366562631282038
366562647563080	366562665687038	366562647984069
366562664221257	366562682124799	366562664607663
366562701394851	366562714999069	366562701819538
366562701565007	366562723215840	366562701955267
366562718210580	366562731434225	366562718602298
366562734941101	366562747874277	366562735330944
366562751570944	366562764314330	366562751955163
366562768260163	366562780751569	366562768632611
366562784931048	366562797190996	366562785304851
366562801596726	366562813631048	366562801966726
366562818263757	366562830072037	366562818632038
366562834930944	366562846510944	366562835308757
366562872242819	366562887603756	366562872610632
366562872474851	366562895825579	366562872621569
366562889106101	366562904047298	366562889516048
366562905844538	366562920488965	366562906256726
366562922491361	366562936928548	366562922891986
366562939163288	366562953369538	366562939532194
366562955814538	366562969809954	366562956228288
366562972461205	366562986250892	366562972876725
366562989123913	366563002690423	366562989510007
366563005830319	366563019129641	366563006192038
366563042197350	366563060226516	366563042608288
366563042415632	366563068445788	366563042627038
366563059100007	366563076665267	366563059521361
366563075730163	366563093101985	366563076218600
366563092457194	366563109536725	366563092827923
366563109121413	366563125973809	366563109490475
366563125787298	366563142410163	366563126154694
366563142457663	366563158849329	366563142823705
366563159125163	366563175292350	366563159505423
366563175795423	366563191733860	366563176168548
366563231845475	366563249271152	366563232222663
366563232214955	366563257490944	366563232403288
366563248684538	366563265709382	366563249132507
366563265363913	366563282146360	366563265743444
366563282071725	366563298583860	366563282440736
366563298755111	366563315020736	366563299109642
366563315410580	366563331457611	366563315778757
366563332099069	366563347894641	366563332463288
366563348689486	366563364332090	366563349086882
366563365406725	366563380769173	366563365782194
366563401470892	366563413643444	366563401840579
366563401711257	366563421862142	366563401846257
366563418328757	366563430080996	366563418769798
366563435026204	366563446517350	366563435503548
366563451722038	366563462953600	366563452117507
366563468389225	366563479390162	366563468766100
366563485055111	366563495824069	366563485422038
366563501719642	366563512258912	366563502087038
366563518391829	366563528695579	366563518756882
366563535054017	366563553349485	366563535430319
366563572925475	366563586221569	366563573302975
366563573101725	366563594439224	366563573320788
366563589742194	366563602656048	366563590164538
366563606485163	366563619089329	366563606853548
366563623141725	366563635526256	366563623510944
366563639805631	366563651962506	366563640174538
366563656465788	366563668400527	366563656841517
366563673139954	366563684837610	366563673513236
366563689802038	366563701275058	366563690169225
366563706467298	366563717710996	366563706839694
366563743514798	366563758795475	366563743945267
366563743689798	366563767013704	366563743952038
366563760342350	366563775231100	366563760747975
366563777077142	366563791668496	366563777528131
366563793652611	366563808106568	366563794035423
366563810401413	366563824543912	366563810768600
366563827064694	366563840983391	366563827430163
366563843738704	366563857421725	366563844108756
366563860433236	366563873860266	366563860799173
366563877091517	366563890299121	366563877460631
366563911262923	366563923175578	366563911580631
366563936125163	366563947834538	366563936500111
366563936412142	366563956054068	366563936504850
366563953140319	366563964273496	366563953516100
366563969764642	366563980712975	366563970187663
366563986446881	366563997151673	366563986829381
366564003156048	366564021807714	366564003519069
366564019794850	366564038244277	366564020180475
366564036444850	366564054681100	366564036812350
366564083481048	366564095778548	366564083895319
366564083740267	366564103997402	366564083904954
366564100434225	366564112217558	366564100821256
366564117124538	366564128657141	366564117499329
366564133734485	366564145094641	366564134108913
366564150483600	366564161530995	366564150860631
366564167135110	366564177966360	366564167493704
366564183774329	366564194404329	366564184141413
366564200462923	366564210842923	366564200826100
366564217087819	366564235502870	366564217470631
366564254012037	366564268380787	366564254348860
366564254332767	366564276598443	366564254464850
366564271002298	366564284815891	366564271436725
366564287672975	366564301253444	366564288065319
366564304342194	366564317692505	366564304720319
366564321008756	366564334128131	366564321385579
366564337668131	366564350565370	366564338037662
366564354363287	366564367001464	366564354738756
366564371008600	366564383437506	366564371373912
366564387639069	366564399874589	366564388047975
366564423279225	366564440962975	366564423696569
366564423703600	366564449180318	366564423898548
366564440212506	366564457397714	366564440610475
366564456955475	366564473832037	366564457337454
366564473604485	366564490267089	366564473994381
366564490222767	366564506703391	366564490619485
366564506944381	366564523138756	366564507313444
366564523600475	366564539573183	366564523974069
366564540270892	366564556009277	366564540663444
366564556937662	366564572445631	366564557311256
366564592731725	366564605320422	366564593151204
366564593107037	366564613541203	366564593285423
366564609652506	366564621761621	366564610077662
366564626371100	366564638203027	366564626757506
366564643028600	366564654642610	366564643414381
366564659684694	366564671080214	366564660070944

POLL t=131.4 tick=2140
8333333
366573802114638	366573819237763	366573802504534
366573818754846	366573835672711	366573819148232
366573835413596	366573852109065	366573835802034
366573852210419	366573868546408	366573852526409
366573868750471	366573884982503	366573869152346
366573902996409	366573917855419	366573903428128
366573903382971	366573926073648	366573903569690
366573919861096	366573934292502	366573920251096
366573936600471	366573950730575	366573936966878
366573953261565	366573967166669	366573953638596
366573969942659	366573983602971	366573970319638
366573986590732	366574000039794	366573986963440
366574003267919	366574016478023	366574003639169
366574019925888	366574032913752	366574020298128
366574036597450	366574049349638	366574036968857
366574067922346	366574082225523	366574068225784
366574069912763	366574090444064	366574070389846
366574086512138	366574098661929	366574086922971
366574103289950	366574115097815	366574103663752
366574119940159	366574131532711	366574120316200
366574136602919	366574147967658	366574136970888
366574153287815	366574164403804	366574153669794
366574169935627	366574180844585	366574170306044
366574186602190	366574197282554	366574186967607
366574235590627	366574246592033	366574235978596
366574263800419	366574279462137	366574264215315
366574263976565	366574287680262	366574264220575
366574280696513	366574295898699	366574281180471
366574297346877	366574312334846	366574297713857
366574314007190	366574328773231	366574314217502
366574330678284	366574345209377	366574331042502
366574347344482	366574361646825	366574347713440
366574364054377	366574378081616	366574364416096
366574405689690	366574419175522	366574406157450
366574405882190	366574427394273	366574406168440
366574422588752	366574435613075	366574422968596
366574439265471	366574452051199	366574439629794
366574455920471	366574468487814	366574456296513
366574472590627	366574484925419	366574472966409
366574489259638	366574501362294	366574489635627
366574505923127	366574517799324	366574506292190
366574522593856	366574534238231	366574522965784
366574539265940	366574550678491	366574539650159
366574572825627	366574583557137	366574573147346
366574573051409	366574591777606	366574573169065
366574589648075	366574608215992	366574590050940
366574606346409	366574624655419	366574606733596
366574623041825	366574641093544	366574623423284
366574639700627	366574657533544	366574640107450
366574656377138	366574673973908	366574656765002
366574673042294	366574690412658	366574673425315
366574689715627	366574706851460	366574690091409
366574706382659	366574723289481	366574706757502
366574744662815	366574756165679	366574745136408
366574744981096	366574764386929	366574745142138
366574761608440	366574772606408	366574762016721
366574778274690	366574789047241	366574778653856
366574794939533	366574805487606	366574795313856
366574811607346	366574821928647	366574811991877
366574828274533	366574846588596	366574828644846
366574844934533	366574863029533	366574845317971
366574861602502	366574879469116	366574861998596
366574878262190	366574895911616	366574878692971
366574916077190	366574928795471	366574916400783
366574916250783	366574937016825	366574916416044
366574932895575	366574945238230	366574933309533
366574949636408	366574961677242	366574950046825
366574966262346	366574978117553	366574966631825
366574982923440	366574994556408	366574983309690
366574999585940	366575010997971	366574999975783
366575016240106	366575027437137	366575016661513
366575032915940	366575043875210	366575033304950
366575049574846	366575060311356	366575049958752
366575085132190	366575101407606	366575085461513
366575085318440	366575109627918	366575085494065
366575101966252	366575117849220	366575102359169
366575118715106	366575134288231	366575119083908
366575135372450	366575150727346	366575135742971
366575152051825	366575167168022	366575152407138
366575168705262	366575183610314	366575169068596
366575185372815	366575200048127	366575185729533
366575202034221	366575216484012	366575202406356
366575218745731	366575232921200	366575219138544
366575253125471	366575265798700	366575253474481
366575253461044	366575274018387	366575253594690
366575270070106	366575282237762	366575270461096
366575286771669	366575298679428	366575287144325
366575303453440	366575315116877	366575303821200
366575320107971	366575331554585	366575320485419
366575336761565	366575347991095	366575337136356
366575353493856	366575364428856	366575353859481
366575370149533	366575380864585	366575370528596
366575417518856	366575430171512	366575417817294
366575419383439	366575438389949	366575419730419
366575434437502	366575446606303	366575434826981
366575451130002	366575463038908	366575451530627
366575467838752	366575479473491	366575468209325
366575484507502	366575495911355	366575484869533
366575501152346	366575512347345	366575501521877
366575517838908	366575528784897	366575518200106
366575534500731	366575545224793	366575534868127
366575551167137	366575569882137	366575551536721
366575598031564	366575610967241	366575598331564
366575598193596	366575619185366	366575598348075
366575614986981	366575627402605	366575615375627
366575631654325	366575643835210	366575632040158
366575648274846	366575660267293	366575648669533
366575664985158	366575676698751	366575665376564
366575681618752	366575693131460	366575682042971
366575698284221	366575709563023	366575698655314
366575714935575	366575725997918	366575715309689
366575731598127	366575742432710	366575731990783
366575767430262	366575783522449	366575767834950
366575767860314	366575791740314	366575768056096
366575784323127	366575799959793	366575784762971
366575801047762	366575816399064	366575801421825
366575817700627	366575832832710	366575818071200
366575834375627	366575849268596	366575834795262
366575851073439	366575865704637	366575851596721
366575867703908	366575882139168	366575868094689
366575884371408	366575898574532	366575884739012
366575901041721	366575915010626	366575901405939
366575932849325	366575947885782	366575933391877
366575934336564	366575956105262	366575934679533
366575951000471	366575964325262	366575951387450
366575967732346	366575980764533	366575968107137
366575984413700	9223372036854775807	366575984777033

POLL t=142.4 tick=2217
8333333
366584757228071	366584773654529	366584757603905
366584773899634	366584790091456	366584774283436
366584790563228	366584806529894	366584790938905
366584807238853	366584822968279	366584807611353
366584847633436	366584864055414	366584847964530
366584847851405	366584872272185	366584847969842
366584864457342	366584880490102	366584864847967
366584881129321	366584896925571	366584881510155
366584897820467	366584913360311	366584898203696
366584914459321	366584929795154	366584914841405
366584931159217	366584946230727	366584931536509
366584947810467	366584962665519	366584948189790
366584964467811	366584979100518	366584964845780
366584981145884	366584995535363	366584981528436
366585026195780	366585036623279	366585026736405
366585026508748	366585044842498	366585026746873
366585043065623	366585061282081	366585043521405
366585059725155	366585077719164	366585060181873
366585076422186	366585094153279	366585076854217
366585093085780	366585110587133	366585093519842
366585109740884	366585127024998	366585110170623
366585126401665	366585143460883	366585126833905
366585143078436	366585159895831	366585143463123
366585159745936	366585176330780	366585160134217
366585206123436	366585217419998	366585206582029
366585206277186	366585225638748	366585206590936
366585222914373	366585233858540	366585223306404
366585239597186	366585250294790	366585240085467
366585256338123	366585266732811	366585256709061
366585272999061	366585291389008	366585273377029
366585289654842	366585307826143	366585290028227
366585306324321	366585324262706	366585306696873
366585322992759	366585340700101	366585323366248
366585339661561	366585357134424	366585340069634
366585382047498	366585398218123	366585382412186
366585382274373	366585406435154	366585382426665
366585399003071	366585414654112	366585399260727
366585415637186	366585431091144	366585416007967
366585432314373	366585447526300	366585432691509
366585448971352	366585463962654	366585449345154
366585465638852	366585480399477	366585466005311
366585482302029	366585496837706	366585482671873
366585498972915	366585513277029	366585499340311
366585515636509	366585529714216	366585516056821
366585558581404	366585570804945	366585559124998
366585558919946	366585579023383	366585559133852
366585575508279	366585587242498	366585576052811
366585592217654	366585603682602	366585592588279
366585608884946	366585620121508	366585609264373
366585625546561	366585636559789	366585625923123
366585642231196	366585652997185	366585642588748
366585658909373	366585669436873	366585659259998
366585675547915	366585685876872	366585675980258
366585692199842	366585710537186	366585692632498
366585733852342	366585751634060	366585734167967
366585733997602	366585759854060	366585734198696
366585750666040	366585768073851	366585751069998
366585767365467	366585784510622	366585767759321
366585784072758	366585800945467	366585784460571
366585800696196	366585817381769	366585801106561
366585817358540	366585833820675	366585817748904
366585834023123	366585850257862	366585834403279
366585850689477	366585866695726	366585851084686
366585867350258	366585883133903	366585867749685
366585913562498	366585924229112	366585913928123
366585913755935	366585932448435	366585913949946
366585930432185	366585948884372	366585931023435
366585947056560	366585965322706	366585947455102
366585963792133	366585981761300	366585964174685
366585980451508	366585998196976	366585980829529
366585997122758	366586014635102	366585997494529
366586013777342	366586031072445	366586014154321
366586030420310	366586047511612	366586030792342
366586047083227	366586063948435	366586047462810
366586094724529	366586113257341	366586095535258
366586095029842	366586121475466	366586095539477
366586111651352	366586129693956	366586112179060
366586128351040	366586146131821	366586128808279
366586145008748	366586162570518	366586145397029
366586161674217	366586179008123	366586162055935
366586178338540	366586195444633	366586178710779
366586194966092	366586211879321	366586195337342
366586211709060	366586228315727	366586212083123
366586228354998	366586244750154	366586228742342
366586269551821	366586285841352	366586269931821
366586269724685	366586294058851	366586269936404
366586286462133	366586302275986	366586286698540
366586303106560	366586318712757	366586303482810
366586319810623	366586335148539	366586320192654
366586336499685	366586351585518	366586336870727
366586353113904	366586368020622	366586353481404
366586369816664	366586384457185	366586370181873
366586386497133	366586400892914	366586386865935
366586403163435	366586417327237	366586403531560
366586445811508	366586458422758	366586446264529
366586474147342	366586491292862	366586474521821
366586474436873	366586499511612	366586474524998
366586491121248	366586507730205	366586492070935
366586507862185	366586524166560	366586508261560
366586524468123	366586540602445	366586524838904
366586541169633	366586557039320	366586541534998
366586557815310	366586573475987	366586558185466
366586574467966	366586589912757	366586574835779
366586617267758	366586631008643	366586617587133
366586617583279	366586639226403	366586617691664
366586634203591	366586647444164	366586634604321
366586650912029	366586663882133	366586651286873
366586667620310	366586680319216	366586667987602
366586684286873	366586696754528	366586684645154
366586700884529	366586713192080	366586701252966
366586717609373	366586729629268	366586717971508
366586734236196	366586746066351	366586734606664
366586750900727	366586762501352	366586751275571
366586795047810	366586811807601	366586795410779
366586795291352	366586820025466	366586795418748
366586812038591	366586828243695	366586812374164
366586828648071	366586844678695	366586829027498
366586845281248	366586861113383	366586845658904
366586861934373	366586877549320	366586862319477
366586878596821	366586893985570	366586878975571
366586895269998	366586910421560	366586895653904
366586911929060	366586926858174	366586912313123
366586928601404	366586943295518	366586928987602
366586973660623	366586984383383	366586974020623
366586973897341	366586992599424	366586974026560
366586990612914	366587009032601	366586990990727
366587007263591	366587025467184	366587007648539

POLL t=153.4 tick=2289
8333333
366595811860775	366595827110932	366595812235463
366595828591088	366595843546817	366595828996244
366595845249213	366595859982910	366595845620463
366595861912338	366595876418223	366595862284005
366595878575723	366595892853952	366595878984161
366595895260255	366595909288014	366595895624525
366595911899630	366595925720463	366595912267807
366595928577494	366595942156921	366595928948432
366595968428744	366595983242859	366595968898692
366595968708692	366595991461608	366595968907494
366595985302807	366595999680827	366595985689213
366596002036036	366596016117234	366596002413744
366596018697963	366596032552181	366596019069838
366596035314317	366596048984942	366596035743588
366596052114473	366596065419056	366596052482963
366596068697598	366596081853691	366596069070150
366596085365307	366596098289473	366596085734369
366596102031557	366596114728691	366596102438744
366596160360932	366596172259369	366596160736557
366596160527650	366596180478431	366596160754057
366596177194994	366596188697285	366596177577182
366596193918275	366596205134369	366596194307807
366596210554629	366596221573171	366596210942025
366596227261400	366596238007807	366596227622807
366596243948848	366596254445254	366596244294525
366596260595775	366596279097285	366596260962598
366596277247754	366596295535358	366596277633588
366596293913379	366596311970150	366596294297807
366596334506661	366596344846087	366596334824942
366596334681348	366596353065410	366596334872442
366596351335411	366596369502337	366596351757338
366596368035150	366596385939472	366596368406817
366596384699525	366596402378223	366596385110150
366596401366244	366596418813327	366596401744161
366596418007494	366596435247910	366596418386348
366596434733588	366596451682077	366596435122338
366596451387494	366596468116608	366596451800150
366596468098536	366596484550567	366596468481244
366596509345879	366596525632338	366596509782025
366596536441869	366596550281712	366596536965931
366596536564681	366596558498587	366596536970306
366596553304994	366596566715931	366596553671400
366596569950411	366596583151348	366596570362754
366596586599525	366596599583535	366596586984213
366596603259681	366596616018795	366596603647338
366596619962806	366596632451921	366596620347963
366596636598536	366596648883223	366596636988067
366596653263067	366596665313639	366596653661973
366596684837129	366596698180150	366596685240098
366596686567754	366596706396816	366596686980567
366596703238223	366596714613951	366596703672598
366596719946348	366596731047025	366596720340098
366596736611244	366596747483066	366596736995775
366596753281036	366596772136139	366596753672494
366596769939942	366596788571452	366596770334056
366596786604525	366596805005202	366596786987910
366596803325306	366596821439420	366596803741973
366596819985775	366596837873691	366596820364056
366596862812285	366596878967338	366596863242754
366596863005879	366596887185826	366596863253275
366596879656348	366596895405098	366596880074473
366596896400410	366596911842129	366596896774473
366596913070306	366596928280775	366596913417963
366596929717910	366596944719316	366596930089994
366596946381869	366596961157910	366596946777442
366596963058379	366596977597546	366596963423848
366596979728431	366596994038431	366596980098692
366596996385306	366597010476296	366596996765723
366597038790931	366597051570775	366597039496869
366597064712650	366597076227442	366597065107650
366597064829837	366597084447493	366597065111400
366597081588431	366597092668014	366597081960306
366597098260462	366597109107806	366597098695879
366597114919160	366597133766556	366597115306712
366597131579785	366597141986348	366597131979837
366597148227129	366597158423119	366597148611244
366597164924317	366597183076139	366597165293379
366597181586712	366597199511191	366597181959681
366597217578900	366597232385827	366597217906348
366597217767337	366597240603952	366597217938744
366597234469994	366597248820775	366597234843587
366597251164004	366597265257076	366597251607754
366597267833275	366597281694733	366597268243900
366597284515879	366597298132441	366597284886400
366597301190567	366597314567858	366597301562129
366597317854681	366597331002285	366597318223744
366597334453431	366597347439316	366597334826869
366597351178119	366597363873743	366597351557025
366597395195306	366597413185306	366597395506192
366597395543275	366597421405098	366597395657494
366597412199525	366597429624108	366597413340254
366597428855462	366597446061555	366597429240462
366597445523587	366597462499420	366597445894212
366597462183379	366597478938275	366597462622494
366597478867494	366597495379056	366597479237181
366597495526191	366597511817753	366597495887962
366597512197337	366597528254316	366597512573066
366597528843431	366597544690305	366597529213587
366597570872025	366597585780671	366597571216400
366597571230619	366597594000983	366597571365462
366597587789369	366597602219994	366597588185410
366597604499994	366597618657701	366597604877806
366597621153066	366597635092024	366597621533223
366597637822806	366597651529368	366597638195931
366597654507806	366597667964368	366597654923275
366597671137181	366597684399941	366597671539941
366597687798587	366597700833639	366597688216868
366597704441660	366597717269263	366597704816556
366597749179525	366597766577597	366597749847129
366597749599681	366597774796087	366597749856400
366597766155775	366597783013743	366597766381712
366597782895775	366597799447024	366597783276973
366597799558535	366597815882077	366597799934993
366597816253691	366597832318691	366597816624837
366597832924993	366597848754316	366597833286504
366597849581087	366597865189264	366597849958743
366597866241660	366597881624160	366597866619681
366597882917806	366597898059681	366597883286087
366597924787962	366597939148326	366597925166556
366597924968900	366597947366659	366597925173743
366597941624941	366597955585358	366597942019681
366597958367754	366597972020879	366597958734785
366597975025775	366597988457701	366597975389629
366597991709993	366598004894159	366597992089160
366598008326035	366598021327441	366598008694160
366598025072598	366598037760774	366598025437910
366598041722181	9223372036854775807	366598042087962

POLL t=164.5 tick=2360
8333333
366606886758271	366606904878479	366606887131344
366606903410615	366606921312594	366606903787490
366606920085459	366606937749364	366606920462959
366606936741344	366606954185041	366606937120302
366606953407021	366606970619157	366606953773063
366606970074677	366606987053896	366606970494938
366606986742959	366607003487646	366606987188896
366607003403219	366607019920459	366607003782802
366607020128271	366607036354729	366607020501552
366607036742021	366607052789885	366607037127490
366607053421709	366607069221865	366607053925302
366607070107021	366607085656187	366607070637021
366607086766709	366607102089677	366607087263740
366607103425302	366607118525198	366607104015094
366607120135719	366607134957906	366607120619625
366607136763115	366607151391135	366607137245875
366607153434157	366607167823740	366607153912282
366607170095302	366607184256292	366607170594209
366607186753427	366607200690041	366607187126240
366607203414313	366607217125510	366607203785146
366607220202646	366607233562177	366607220710302
366607236766344	366607250000094	366607237264469
366607253431188	366607266436968	366607253933115
366607270101969	366607282871916	366607270634365
366607319494469	366607332181291	366607319909521
366607319891344	366607340399990	366607320075459
366607336363375	366607348617958	366607336887959
366607353009677	366607365054781	366607353392594
366607369735406	366607381491761	366607370102959
366607386394313	366607397927750	366607386800459
366607403056969	366607414364156	366607403429052
366607419729209	366607430803271	366607420102021
366607436398271	366607447239937	366607436804781
366607453072490	366607471898739	366607453446344
366607494384365	366607504772437	366607494698271
366607494557333	366607512990302	366607494713896
366607511235771	366607529428166	366607511621188
366607527890615	366607545865405	366607528269365
366607544624156	366607562301760	366607545004208
366607561260302	366607578734937	366607561646500
366607577917490	366607595171864	366607578341969
366607594589365	366607611607854	366607595023583
366607611256656	366607628044416	366607611639781
366607627924990	366607644482385	366607628312646
366607644675719	366607660921864	366607645047646
366607661254156	366607677361708	366607661641240
366607677925302	366607693801343	366607678383115
366607694598896	366607710239156	366607695052281
366607711258688	366607726680770	366607711770406
366607727920875	366607743122072	366607728431083
366607744582177	366607759560197	366607745099625
366607761239833	366607775998531	366607761789052
366607777907177	366607792438478	366607778424833
366607794578115	366607808878010	366607795132021
366607811259156	366607825320874	366607811855406
366607827902958	366607841766708	366607828300302
366607844573896	366607858208635	366607844960302
366607861256708	366607874652854	366607861772177
366607877932490	366607891093791	366607878446344
366607894645250	366607907533062	366607895167177
366607911263583	366607923972645	366607911772906
366607927909052	366607940413114	366607928417125
366607976781969	366607989737281	366607977165615
366607978722906	366607997957489	366607979172437
366607993600146	366608006177541	366607993988531
366608010256083	366608022617177	366608010676812
366608026960146	366608039057802	366608027355615
366608043626240	366608055498635	366608044079677
366608060295094	366608071940510	366608060671656
366608076942177	366608088382750	366608077325302
366608093608375	366608104825614	366608094010927
366608110293740	366608121265822	366608110671812
366608148660771	366608162372645	366608149215406
366608149362906	366608170595146	366608149545719
366608165520302	366608178817697	366608165908271
366608182211812	366608195260145	366608182588531
366608198929156	366608211699155	366608199287333
366608215603583	366608228142020	366608215962958
366608232247021	366608244584520	366608232653114
366608248915927	366608261028323	366608249283531
366608265590562	366608277471239	366608265958844
366608282220146	366608293912020	366608282597646
366608326615719	366608343236187	366608326959208
366608327086500	366608351457593	366608327269364
366608343762646	366608359678322	366608344150719
366608360478583	366608376119521	366608360876656
366608377162489	366608392560510	366608377530614
366608393863062	366608409000614	366608394224989
366608410483062	366608425438687	366608410846031
366608427150719	366608441876760	366608427516083
366608443836864	366608458313895	366608444210927
366608460492646	366608474753739	366608460866812
366608500559312	366608515850093	366608500899052
366608500876187	366608524069625	366608501020302
366608517452594	366608532290562	366608517847906
366608534243114	366608548730874	366608534633271
366608550879052	366608565171187	366608551238271
366608567499364	366608581611812	366608567866344
366608584231552	366608598052020	366608584597750
366608600825146	366608614491239	366608601203114
366608617512125	366608630927905	366608617887125
366608634207177	366608647366864	366608634574677
366608672936864	366608688471759	366608673266239
366608673229364	366608696692801	366608673358062
366608689872021	366608704913739	366608690248114
366608706598427	366608721357333	366608706972646
366608723271552	366608737798114	366608723643739
366608739875146	366608754238635	366608740278896
366608756581864	366608770678999	366608756945614
366608773189000	366608787119729	366608773560302
366608789899677	366608803560614	366608790285875
366608806526239	366608820002958	366608806941812
366608854631552	366608869326447	366608855068114
366608855024052	366608877547801	366608855199312
366608871551239	366608885768374	366608871930927
366608888287750	366608902206864	366608888679208
366608904954677	366608918644989	366608905336708
366608921613114	366608935082177	366608921978427
366608938272750	366608951521812	366608938637958
366608954947645	366608967961551	366608955314520
366608971622333	366608984400145	366608971983895
366608988286552	366609000836655	366608988666968
366609035719625	366609050148738	366609036107593
366609035950406	366609058369156	366609036117281
366609052646083	366609066589468	366609053018895
366609069411864	366609083029572	366609069767750
366609086040093	9223372036854775807	366609086450614

