POLL t=10.7 tick=600
8333333
451711593360597	451711604514711	451711593644660
451711610064660	451711620953982	451711610333253
451711626579503	451711637394086	451711626846847
451711643279972	451711653834607	451711643548878
451711659899191	451711670274920	451711660159139
451711676838253	451711694935389	451711677122472
451711693503878	451711711373357	451711693788410
451711709882472	451711727812940	451711710162472
451711726597472	451711744251794	451711726877160
451711743358357	451711760692575	451711743622160
451711759883410	451711777131013	451711760159503
451711776685910	451711793568149	451711776974295
451711793216378	451711810006326	451711793481014
451711809892628	451711826445493	451711810173982
451711826736170	451711842885284	451711827005076
451711843545753	451711859325805	451711843812941
451711859939295	451711875764867	451711860216534
451711876735909	451711892202940	451711877021951
451711893835753	451711908642628	451711894114816
451711910397472	451711925081951	451711910665076
451711926751534	451711941520909	451711927007889
451711943227576	451711957961742	451711943493514
451711959853514	451711974401325	451711960120441
451711976757420	451711990841118	451711977022784
451711993493253	451712007280545	451711993763514
451712010193201	451712023721273	451712010450857
451712026674347	451712040160076	451712026951014
451712043241014	451712056600388	451712043508357
451712059999659	451712073040700	451712060267576
451712077068878	451712089480492	451712077343566
451712093468357	451712105916846	451712093721014
451712110126066	451712122354502	451712110386534
451712126649034	451712138793565	451712126912003
451712143368878	451712155233722	451712143634503
451712160580909	451712171674242	451712160853097
451712176763253	451712188110857	451712177020284
451712193387576	451712204548097	451712193656326
451712210108722	451712220985596	451712210382784
451712226837420	451712237425232	451712227098201
451712243488566	451712253863409	451712243754347
451712262300284	451712278516898	451712263231378
451712276888514	451712294955284	451712277153722
451712293406951	451712311394867	451712293672159
451712309954659	451712327834086	451712310243409
451712326621066	451712344273565	451712326896378
451712343440388	451712360706951	451712343714138
451712360484972	451712377144451	451712360836482
451712376501534	451712393582367	451712376830753
451712393284034	451712410021429	451712393566691
451712409942941	451712426458930	451712410217784
451712426828982	451712442894294	451712427082003
451712443318566	451712459328981	451712443626691
451712460432316	451712475762419	451712460726743
451712476714347	451712492196951	451712476982628
451712493367159	451712508630492	451712493640284
451712509965388	451712525063930	451712510230597
451712526590284	451712541497783	451712526862420
451712543338670	451712557933408	451712543611482
451712560518045	451712574366117	451712560810701
451712576739347	451712590800648	451712577012315
451712593310753	451712607234502	451712593581378
451712609946847	451712623671377	451712610222628
451712626613982	451712640110597	451712626888253
451712643377732	451712656546637	451712643671482
451712660589659	451712672982627	451712660864659
451712676733513	451712689418200	451712676995284
451712693241951	451712705853982	451712693513513
451712709894347	451712722288409	451712710163826
451712726833409	451712738725805	451712727112420
451712743388722	451712755161065	451712743656222
451712760461847	451712771592575	451712760749607
451712776679815	451712788026690	451712776946847
451712793288253	451712804462055	451712793555128
451712810107003	451712820899346	451712810367159
451712826690388	451712837335596	451712826954034
451712843349295	451712853771169	451712843647784
451712860570128	451712878426586	451712860850545
451712876991690	451712894864815	451712877269503
451712893585545	451712911301429	451712893858253
451712910177107	451712927740284	451712910436690
451712926903565	451712944178460	451712927175076
451712943690128	451712960615492	451712943957263
451712961543044	451712977049034	451712961793097
451712977166794	451712993485440	451712977431847
451712993996169	451713009921222	451712994252472
451713010578722	451713026356117	451713010848097
451713027380284	451713042788981	451713027649451
451713044035753	451713059225075	451713044283097
451713061464190	451713075659086	451713061729294
451713077496013	451713092094710	451713077763097
451713094173722	451713108530232	451713094425753
451713110846847	451713124966117	451713111107315
451713127408253	451713141405752	451713127680857
451713144240909	451713157846012	451713144498826
451713161447471	451713174286950	451713161719971
451713177697888	451713190726898	451713177962576
451713194349607	451713207166065	451713194610701
451713210827471	451713223603200	451713211089659
451713227691326	451713240039398	451713227963201
451713244513669	451713256478200	451713244779919
451713261798253	451713272916169	451713262057471
451713277842159	451713289351377	451713278099346
451713294159971	451713305786690	451713294427159
451713310916378	451713322223461	451713311181690
451713327654919	451713338663565	451713327916065
451713344303565	451713355099971	451713344574659
451713361357315	451713379756586	451713361621221
451713377265440	451713387976377	451713377539971
451713393808096	451713404414866	451713394072315
451713410604503	451713420852523	451713410878565
451713427339971	451713445507940	451713427642159
451713443858044	451713461943773	451713444149971
451713477374503	451713494817575	451713477644034
451713479664659	451713503036586	451713479996482
451713511993357	451713527695492	451713512262732
451713514259607	451713535914137	451713514594138
451713538867471	451713552349971	451713539130596
451713551696065	451713568783721	451713551964451
451713568274763	451713585219346	451713568540440
451713585142419	451713601655179	451713585411846
451713601710909	451713618089607	451713601976846
451713618357888	451713634527992	451713618625909
451713635138096	451713650966429	451713635410284
451713651890596	451713667401013	451713652131534
451713668315700	451713683836898	451713668588513
451713684937575	451713700271585	451713685203096
451713703405284	9223372036854775807	451713703681065

POLL t=22.1 tick=1201
8333333
451722927096218	451722938795644	451722927364343
451722943809968	451722955234498	451722944091218
451722960791062	451722971671998	451722961058405
451722977389343	451722988109342	451722977649655
451722993883353	451723004545644	451722994154343
451723010416999	451723020981999	451723010687259
451723027456843	451723045634915	451723027430436
451723045033197	451723062071217	451723045291322
451723062239916	451723078508405	451723062512259
451723078234916	451723094945853	451723078514811
451723094983822	451723111384655	451723095256999
451723112038041	451723127823405	451723112268041
451723127508561	451723144259551	451723127758405
451723143951634	451723160696165	451723144233718
451723160614968	451723177129811	451723160893718
451723176956530	451723193565124	451723177240384
451723193937468	451723210000436	451723194216791
451723210779343	451723226436633	451723211039343
451723227178561	451723242871322	451723227450697
451723243894603	451723259308092	451723244164655
451723260766634	451723275743092	451723261038093
451723277251218	451723292177780	451723277517259
451723293846686	451723308612103	451723294105853
451723310450905	451723325048144	451723310741218
451723327021947	451723341484654	451723327329343
451723343832155	451723357921217	451723344102936
451723360565697	451723374356478	451723360743561
451723377174759	451723390792155	451723377443561
451723393713405	451723407226842	451723393991530
451723410365749	451723423663301	451723410638666
451723427267624	451723440098248	451723427533978
451723443917259	451723456533196	451723444210228
451723460475697	451723472970331	451723460649343
451723477052624	451723489408248	451723477332155
451723493790905	451723505845488	451723494057780
451723510654655	451723522280019	451723510939968
451723527164134	451723538714238	451723527436999
451723543689186	451723555149394	451723543958249
451723560505436	451723571584915	451723560904499
451723577337936	451723588019030	451723577600228
451723593964343	451723604451895	451723594230697
451723610467936	451723620884238	451723610754603
451723627219290	451723645535488	451723627481478
451723645095436	451723661970800	451723645356217
451723662311686	451723678406842	451723662569342
451723677830228	451723694843665	451723678102780
451723694483874	451723711278144	451723694751842
451723711627936	451723727713665	451723711891009
451723727367624	451723744148561	451723727623561
451723743919342	451723760583300	451723744197728
451723760584759	451723777019082	451723760857155
451723777400436	451723793454186	451723777668092
451723794180436	451723809891373	451723794446478
451723810894811	451723826328821	451723811151530
451723827329134	451723842765436	451723827619186
451723844126947	451723859201738	451723844392103
451723860905436	451723875640800	451723861067311
451723877569342	451723892081426	451723877830280
451723894166790	451723908519290	451723894449811
451723910738405	451723924958717	451723911020749
451723927407936	451723941396061	451723927708874
451723944296478	451723957835176	451723944574967
451723960862884	451723974273821	451723961306009
451723977372155	451723990712310	451723977641322
451723994048978	451724007150592	451723994338509
451724010699030	451724023586113	451724010975592
451724027481530	451724040021113	451724027744290
451724044303874	451724056459758	451724044562624
451724060802936	451724072897363	451724061369499
451724077386634	451724089335071	451724077664811
451724094199603	451724105769342	451724094508405
451724110916061	451724122205852	451724111180228
451724127520592	451724138643352	451724127784967
451724144120592	451724155080592	451724144399030
451724160769759	451724171517571	451724161042259
451724177631634	451724187955019	451724177888249
451724194255749	451724212611061	451724194534915
451724212095905	451724229049602	451724212339655
451724228687936	451724245486374	451724228952728
451724244755592	451724261925488	451724245041530
451724261848092	451724278363508	451724262129030
451724278255905	451724294799499	451724278525905
451724294835905	451724311237259	451724295115749
451724311372936	451724327674290	451724311632415
451724327987936	451724344111477	451724328277571
451724344361373	451724360549186	451724344631686
451724361377623	451724376986164	451724361599967
451724377864811	451724393424133	451724378127623
451724394402155	451724409861737	451724394666217
451724411152467	451724426300696	451724411411842
451724427842467	451724442741425	451724428115123
451724444523717	451724459179185	451724444797311
451724461060071	451724475617363	451724461328405
451724477641686	451724492055800	451724477919030
451724494456217	451724508493561	451724494716634
451724511255123	451724524931894	451724511517311
451724527970748	451724541370748	451724528227780
451724544345123	451724557806945	451724544614603
451724560771998	451724574242571	451724561043248
451724577147155	451724590678300	451724577409030
451724593911530	451724607114081	451724594169759
451724610396686	451724623549342	451724610662728
451724626967728	451724639985957	451724627241165
451724643584342	451724656424602	451724643862259
451724660623353	451724672862675	451724660893873
451724677041686	451724689300123	451724677301686
451724694119186	451724705735488	451724694394186
451724712155905	451724730391842	451724712437311
451724728881998	451724746828143	451724729173248
451724745432259	451724763263352	451724745700540
451724762078248	451724779700696	451724762364186
451724778708405	451724796136529	451724778998196
451724796623821	451724812572884	451724797209186
451724811773196	451724829008664	451724812095384
451724828593352	451724845441737	451724829756998
451724844926477	451724861873404	451724846141061
451724861219134	451724878303873	451724861526009
451724876673873	451724894735071	451724876957727
451724893148405	451724911167831	451724893434811
451724910656634	451724927601945	451724911864342
451724926379915	451724944037050	451724926669759
451724942622936	451724960470643	451724942906790
451724961519029	451724976904863	451724961802571
451724978314811	451724993337779	451724978574498
451724993197415	451725009770019	451724993496165
451725009478352	451725026202779	451725010128821
451725026220748	9223372036854775807	451725026832727

POLL t=32.2 tick=1622
8333333
451733147490276	451733162524234	451733147842881
451733164198245	451733187181265	451733174497620
451733186795849	451733203618870	451733187058037
451733197477412	451733211839338	451733197849131
451733214201631	451733228282620	451733214540120
451733230849183	451733244725380	451733231192464
451733247496370	451733261165224	451733247846370
451733264353662	451733294043609	451733277323714
451733287863193	451733302264182	451733288148089
451733297515068	451733310484026	451733297886370
451733314174495	451733326923453	451733314516318
451733330838662	451733343361734	451733331186058
451733347486526	451733359798714	451733347850433
451733364225224	451733376237151	451733364583714
451733380883558	451733392676891	451733381426162
451733403705433	451733417336213	451733403963245
451733414163089	451733425556370	451733414529443
451733430869026	451733441994911	451733431218558
451733447589339	451733458434234	451733447934339
451733464228401	451733474873296	451733464580849
451733480805224	451733499528609	451733485612724
451733503702464	451733515964234	451733503986787
451733514202307	451733532399911	451733514576943
451733530860901	451733548837672	451733531204807
451733547479651	451733565276734	451733547837307
451733564237307	451733581712671	451733564571943
451733580850901	451733606363869	451733590215693
451733604973245	451733622796526	451733605239807
451733614789130	451733631013661	451733615561682
451733630853401	451733647447567	451733631225849
451733647566005	451733663881526	451733647930589
451733664320537	451733680316577	451733664680849
451733680859964	451733704973244	451733690626370
451733703709026	451733721412151	451733703976057
451733714237412	451733729630744	451733714419651
451733730844964	451733746068817	451733731199339
451733747597880	451733762506526	451733747948870
451733764298401	451733778943817	451733764642464
451733781031057	451733811810692	451733794013245
451733803978818	451733820027776	451733804751787
451733814164651	451733828245537	451733814525693
451733830913870	451733844681370	451733831267099
451733847638089	451733861114546	451733848007464
451733864325120	451733877548765	451733864660849
451733880906995	451733893983088	451733881262620
451733897559495	451733910417828	451733899464964
451733920610120	451733935071265	451733920880901
451733930931839	451733943288713	451733931299339
451733947613557	451733959723870	451733947969599
451733964252724	451733976160276	451733964604339
451733980855432	451733992593244	451733981224807
451733997548401	451734017243869	451734006880745
451734020543245	451734033681734	451734020807464
451734030899964	451734041901004	451734031243870
451734047502464	451734058339338	451734047870589
451734064314026	451734074776057	451734064672932
451734080993661	451734099428608	451734081359026
451734097566682	451734115864078	451734105944911
451734120485536	451734132300328	451734120749286
451734130856995	451734148738557	451734131220120
451734147601213	451734165174078	451734147951161
451734164268088	451734181611369	451734164625588
451734180921838	451734198047984	451734181271786
451734197573557	451734222703245	451734208632255
451734221652932	451734239142203	451734221911526
451734230866682	451734247361213	451734231476213
451734247716213	451734263798609	451734248077880
451734264412463	451734280236213	451734264740432
451734280877255	451734296672515	451734281233661
451734297604286	451734321328348	451734306330276
451734320689651	451734337765952	451734320946213
451734330905432	451734345985067	451734331094963
451734347568661	451734362423765	451734347910745
451734364249911	451734378862150	451734364597724
451734380957151	451734395299598	451734381315276
451734397614755	451734419957098	451734409105536
451734420547463	451734436395067	451734420815276
451734430927724	451734444613974	451734431280901
451734447662724	451734461050380	451734448053713
451734464373193	451734477487515	451734464735276
451734480952151	451734493920484	451734481295901
451734497639755	451734510356838	451734497998245
451734514263661	451734526794963	451734515613349
451734537411682	451734551455119	451734537676630
451734547611370	451734559674442	451734547985588
451734564352151	451734576111942	451734564715588
451734580989807	451734592549182	451734581344911
451734597679651	451734608987671	451734598044182
451734614244599	451734641863557	451734624334338
451734638304651	451734650083349	451734638576942
451734647640380	451734658304338	451734648006474
451734664445067	451734674743504	451734664807411
451734680992151	451734691183192	451734681341474
451734697652099	451734715840380	451734698002307
451734714271213	451734732277307	451734714624911
451734730998713	451734748713608	451734734285224
451734754007776	451734765150848	451734754262411
451734764408817	451734781585796	451734764748349
451734781010224	451734798020484	451734781359963
451734797658661	451734814455276	451734798010119
451734814227255	451734830889806	451734814592619
451734830975380	451734847325692	451734831325276
451734847761838	451734863761994	451734847837932
451734870690380	451734888412567	451734870940276
451734880879026	451734896629702	451734881292307
451734897596317	451734913064807	451734897935380
451734914224182	451734929499754	451734914574026
451734930991213	451734945935744	451734931342619
451734947673557	451734962370119	451734951968661
451734970592932	451734987024702	451734970847463
451734980909651	451734995242775	451734981268088
451734997610744	451735011682827	451734997986057
451735014249651	451735028122306	451735014601994
451735030954182	451735044561525	451735031301682
451735047621317	451735061000066	451735047977776
451735064317724	451735077439442	451735064388713
451735087309338	451735102096577	451735087560276
451735097581786	451735110315483	451735097963453
451735114193713	451735126752827	451735114552619
451735130938869	451735143191942	451735131309338
451735147630276	451735159630796	451735147983401
451735164377463	451735184289181	451735167233505
451735187169963	451735200727150	451735187436786
451735197588974	451735208944910	451735197948192
451735214283557	451735225381890	451735214650588
451735231022932	451735241820223	451735231388401
451735247635692	451735258258295	451735247996161

POLL t=43.7 tick=1717
8333333
451744682060428	451744692738448	451744682424491
451744698691053	451744709171001	451744699035532
451744715345116	451744733819907	451744719425532
451744737769491	451744750253084	451744738022303
451744748640116	451744766688605	451744749011470
451744765365897	451744783122928	451744765992459
451744782003084	451744799555115	451744782357095
451744798639178	451744815988813	451744798999126
451744815328501	451744840641365	451744827528553
451744839180584	451744857077303	451744839478970
451744849266209	451744865294490	451744850009907
451744865464647	451744881727355	451744865831209
451744882005741	451744898162355	451744882362564
451744898715741	451744914594490	451744899083241
451744915386678	451744931027511	451744915730845
451744932081678	451744947462719	451744937180741
451744954313189	451744972116469	451744954568345
451744965301782	451744980334490	451744965674178
451744982101522	451744996768656	451744982480064
451744998675064	451745013201313	451744999028814
451745015403970	451745029635584	451745015747668
451745032030428	451745054287772	451745043721209
451745054305428	451745070724855	451745054570116
451745065359022	451745078943501	451745065720220
451745082077459	451745095380740	451745082434491
451745098731470	451745111815896	451745099068345
451745115379282	451745128250324	451745115725584
451745132047459	451745144688969	451745132384334
451745148778657	451745169343292	451745152733188
451745171774803	451745185781730	451745171963709
451745182084491	451745194000011	451745182439282
451745198742147	451745210435376	451745199085063
451745215359647	451745226870375	451745215713970
451745232079959	451745243303813	451745232390897
451745248739907	451745276171417	451745261635741
451745272152251	451745284389647	451745272423865
451745282038709	451745292607772	451745282385740
451745298840376	451745309045480	451745299122668
451745315414647	451745325482355	451745315774282
451745332159022	451745350138136	451745332475584
451745348681678	451745366572667	451745349036834
451745365333084	451745383007980	451745370524803
451745387916834	451745399443553	451745388169126
451745398755272	451745415879854	451745399109595
451745415423553	451745432314750	451745415760115
451745432062147	451745448748500	451745432435740
451745448674803	451745465183188	451745449032772
451745465390115	451745498056261	451745480173553
451745482101522	451745506275323	451745482372928
451745504688501	451745522713240	451745504949438
451745515383345	451745530930792	451745515788345
451745532103397	451745547365897	451745532448188
451745548809803	451745563801001	451745549152147
451745565474334	451745580234698	451745565820428
451745582098813	451745604884022	451745588311626
451745604602563	451745621318084	451745604864334
451745615417303	451745629536365	451745615784751
451745632243345	451745645975376	451745632588188
451745648800584	451745662413969	451745649150428
451745665453553	451745678851678	451745665810897
451745682099022	451745711722876	451745694167407
451745705370584	451745719941364	451745705637719
451745715454907	451745728160063	451745715819959
451745732194282	451745744595792	451745732542303
451745748821365	451745761030948	451745749169126
451745765462303	451745777467875	451745765823084
451745782126782	451745793904802	451745782476834
451745798759594	451745818558031	451745802211209
451745821289647	451745834994126	451745821565844
451745832220115	451745843213500	451745832576678
451745848852772	451745859655011	451745849196990
451745865466626	451745876094646	451745865821365
451745882141834	451745892536208	451745882496834
451745898759282	451745917194646	451745899103397
451745915460584	451745933635532	451745918256001
451745938152876	451745950075844	451745938421938
451745948813396	451745966512458	451745949173865
451745965517094	451745982951938	451745965881053
451745982136521	451745999388604	451745982490063
451745998832094	451746015827146	451745999195844
451746015496157	451746032264385	451746019194178
451746038153240	451746048703135	451746038401521
451746048931990	451746065141104	451746049256990
451746065596678	451746081577302	451746065941834
451746082203084	451746098015531	451746082559178
451746098845896	451746114453084	451746099204490
451746115515271	451746130891208	451746115873188
451746132296157	451746155551052	451746138524594
451746154655376	451746171989750	451746154911834
451746165504959	451746180209021	451746165866834
451746182160271	451746196648969	451746182509490
451746198858813	451746213084230	451746199206678
451746215522303	451746229519594	451746215883865
451746232273709	451746245956781	451746232619803
451746248863084	451746270609282	451746253239126
451746271798084	451746287044958	451746272112928
451746282150271	451746295264125	451746282513553
451746298866521	451746311699854	451746299220688
451746315522615	451746328134646	451746315871469
451746332252928	451746344569386	451746332601938
451746348879646	451746361001000	451746349231365
451746365507303	451746385648084	451746368997094
451746388452563	451746402081469	451746388718396
451746398822615	451746410295948	451746399175428
451746415515740	451746426726886	451746415860740
451746432262771	451746443164125	451746432608709
451746448838500	451746459597146	451746449182875
451746465515740	451746476031573	451746465858709
451746482066678	451746500683708	451746487099438
451746504872771	451746517115584	451746505142146
451746515448396	451746533547979	451746515801365
451746532192459	451746549978031	451746532570584
451746548896834	451746566409490	451746549248553
451746565549594	451746582841260	451746565906469
451746582066469	451746607491834	451746592073709
451746606217771	451746623924281	451746606485375
451746616144490	451746632141468	451746616938084
451746632233657	451746648577094	451746632582302
451746648898709	451746665012927	451746649229490
451746665542250	451746681447719	451746665886521
451746682137250	451746706099125	451746692141052
451746705081469	451746722533292	451746705357615
451746715482146	451746730750844	451746715856990
451746732146677	451746747181625	451746732497250
451746748866313	451746763612875	451746749227146
451746765552719	451746780044125	451746765894959
451746782155271	9223372036854775807	451746782521990

POLL t=55.3 tick=1860
8333333
451756267106361	451756279191465	451756267457611
451756283773340	451756295627820	451756284123705
451756300445059	451756312063393	451756300793549
451756317044174	451756336717715	451756323943236
451756341064747	451756353153965	451756341336622
451756350452090	451756361372715	451756350837768
451756367129330	451756377807975	451756367494018
451756383724903	451756402458496	451756384115215
451756400411309	451756418891830	451756400794018
451756417190997	451756435324277	451756424519486
451756440986986	451756451757663	451756441241622
451756450408340	451756468190736	451756450762299
451756467088392	451756484624486	451756467459434
451756483769017	451756501058028	451756484095267
451756500426986	451756517491621	451756500809017
451756517087872	451756542143757	451756527105424
451756541100892	451756558576829	451756541374017
451756550417299	451756566793704	451756551056778
451756567105997	451756583229382	451756567456674
451756583775684	451756599664955	451756584151205
451756600470424	451756616102611	451756600825997
451756617061986	451756640753705	451756630597767
451756640770684	451756657189850	451756641038184
451756650402559	451756665409121	451756650767142
451756667125424	451756681845736	451756667476934
451756683783861	451756698282871	451756684137611
451756700398549	451756714719590	451756700741778
451756717055736	451756747591205	451756730867715
451756741809330	451756755809851	451756742081830
451756750404642	451756764028912	451756750753705
451756767143549	451756780466465	451756767503236
451756783729174	451756796902662	451756784096205
451756800408549	451756813337454	451756800766049
451756817139174	451756846205579	451756828883653
451756841816153	451756854423600	451756842083340
451756850444955	451756862641152	451756850800892
451756867093549	451756879074173	451756867456049
451756883788392	451756895508600	451756884132455
451756900450580	451756911942663	451756900804486
451756917133028	451756944812506	451756928125580
451756942374642	451756953030319	451756942641986
451756950387455	451756961247506	451756950754955
451756967142871	451756977684902	451756967471309
451756983830892	451757002339330	451756984177299
451757000454017	451757018773756	451757000823653
451757017083496	451757043424954	451757026592246
451757043071361	451757059858392	451757043342142
451757050460840	451757068075162	451757050736674
451757067154642	451757084509433	451757067514486
451757083788392	451757100943705	451757084134486
451757100434955	451757117380579	451757100798965
451757117103809	451757142031517	451757126577767
451757141616986	451757158467923	451757141884590
451757150401361	451757166686621	451757150939173
451757167123340	451757183124798	451757167485215
451757183878236	451757199560058	451757184231153
451757200471673	451757215994225	451757200816517
451757217083653	451757240644069	451757224466361
451757241412871	451757257078757	451757241697767
451757250404330	451757265295840	451757250759955
451757267086830	451757281729069	451757267438861
451757283792559	451757298164433	451757284160684
451757300461986	451757314599746	451757300808861
451757317127559	451757339254798	451757324629955
451757341307298	451757355691308	451757341586986
451757350427559	451757363910684	451757350787455
451757367108236	451757380345370	451757367462298
451757383822298	451757396780111	451757384177871
451757400453080	451757413215683	451757400808444
451757417064746	451757437865995	451757425720892
451757441338861	451757454300162	451757441608392
451757450500423	451757462518236	451757450854642
451757467106830	451757478953861	451757467457142
451757483764173	451757495387871	451757484133861
451757500470059	451757511820943	451757500826309
451757517153496	451757536470787	451757522833236
451757541571048	451757552906517	451757541834330
451757550491517	451757561125475	451757550858392
451757567204642	451757577563860	451757567561986
451757583899486	451757602217715	451757584260840
451757600511361	451757618650787	451757600866205
451757617196986	451757643301152	451757626386205
451757643207298	451757659735788	451757643494642
451757650459486	451757667954069	451757650740423
451757667196517	451757684389121	451757667569121
451757683887611	451757700821412	451757684260059
451757700594486	451757717256881	451757700962455
451757717160684	451757741907506	451757729128340
451757741706934	451757758336777	451757742033548
451757750462298	451757766552662	451757751159434
451757767186517	451757782985944	451757767538236
451757783857142	451757799420267	451757784206204
451757800514902	451757815853756	451757800871465
451757817177715	451757848721829	451757831601309
451757833856777	451757856938183	451757834108392
451757857782402	451757873370735	451757858047142
451757867161673	451757881586621	451757867523340
451757883894017	451757898020162	451757884223548
451757900469173	451757914452714	451757900837454
451757917144121	451757930885526	451757917496986
451757933832715	451757947318183	451757934829642
451757957615423	451757971970319	451757957876465
451757967101361	451757980186881	451757967468965
451757983854642	451757996618808	451757984212559
451758000514017	451758013052090	451758000859277
451758017185736	451758029486777	451758017540579
451758033779798	451758054136152	451758043878861
451758057410996	451758070568548	451758057684642
451758067140840	451758078785370	451758067503184
451758083888340	451758095220735	451758084189590
451758100509642	451758111658652	451758100860579
451758117135892	451758128094016	451758117488079
451758133783704	451758152746777	451758136166361
451758157658808	451758169180318	451758157918392
451758167139173	451758185614173	451758167500423
451758183780840	451758202049329	451758184136777
451758200471152	451758218482506	451758200860840
451758217095840	451758234917193	451758217466413
451758233785892	451758259570475	451758243129642
451758259226204	451758276005162	451758259491048
451758267845371	451758284223392	451758269003236
451758284387246	451758300659225	451758284750736
451758301056986	451758317094850	451758301414017
451758317737142	451758333530787	451758318099590
451758334410423	451758358185683	451758342094642
451758358175683	451758374623027	451758358464017
451758367744329	9223372036854775807	451758368100736

POLL t=67.3 tick=1977
8333333
451768319101930	451768351055314	451768335053075
451768335818544	451768359274898	451768336159794
451768361930263	451768375711982	451768362214898
451768369035211	451768383930366	451768369501773
451768385812138	451768400368491	451768386179638
451768402471669	451768425020627	451768411755263
451768427550367	451768441458804	451768428164325
451768435798857	451768449678075	451768436169013
451768452477555	451768466116669	451768452838075
451768469140888	451768498993335	451768483260419
451768485801825	451768507212554	451768486128961
451768514243544	451768531868752	451768514599013
451768519149482	451768540088752	451768519524325
451768535827711	451768548306773	451768536172607
451768552509742	451768572959690	451768558561044
451768576892607	451768589394481	451768577172450
451768585827450	451768597612397	451768586187763
451768602465419	451768614048752	451768602832763
451768619126200	451768646924064	451768632943648
451768635861044	451768655141877	451768636210836
451768663483544	451768679797346	451768663765732
451768669043336	451768688015784	451768669435263
451768685833804	451768696234116	451768686198492
451768702506200	451768729106721	451768711633075
451768728685836	451768745543647	451768728963388
451768735827450	451768753761929	451768736211304
451768752501773	451768770196877	451768752870679
451768769156617	451768794849065	451768784509013
451768785833388	451768803065158	451768786192711
451768810927294	451768827717190	451768811205888
451768819374117	451768835936200	451768820506669
451768835803857	451768852374221	451768836210367
451768852614950	451768868808439	451768857556200
451768877125679	451768893461147	451768877477138
451768885724169	451768901678544	451768885950106
451768902543648	451768918113751	451768902905523
451768919197138	451768934547398	451768919550679
451768935893700	451768959200783	451768945909169
451768952536929	451768967419585	451768953032294
451768981247919	451768992074585	451768981541200
451768986793075	451769000293752	451768987289898
451769003556461	451769016731616	451769004132294
451769020284429	451769041385991	451769030544325
451769044853700	451769057821200	451769045128544
451769053572606	451769066039845	451769053976513
451769070229481	451769082477658	451769070587242
451769086907606	451769115351929	451769101572450
451769103553075	451769123570314	451769103900106
451769131104742	451769148228387	451769131377606
451769136841825	451769156446669	451769137349794
451769153566044	451769164663803	451769153922606
451769170245106	451769197537970	451769183067450
451769186899950	451769205756304	451769187247450
451769215315263	451769230412815	451769215584325
451769220240263	451769238631876	451769220626617
451769236913388	451769255069168	451769237371825
451769253563231	451769279721252	451769264461513
451769270280575	451769287938387	451769270703544
451769294595888	451769312592554	451769294892138
451769303588544	451769320811200	451769304861981
451769320334325	451769337250835	451769320768700
451769336913492	451769353690679	451769337289013
451769353603179	451769378351147	451769363123388
451769378486200	451769394790210	451769378766825
451769387023023	451769403010366	451769387694273
451769403540992	451769419452189	451769403912710
451769420310263	451769444114429	451769433792450
451769436969585	451769452333908	451769437219273
451769465137138	451769476991564	451769465411044
451769470282242	451769485211773	451769470757398
451769486956929	451769501651981	451769487314481
451769503649742	451769518090731	451769507221773
451769527609637	451769542746252	451769527879950
451769536880210	451769550965679	451769537101773
451769553602294	451769567403700	451769553958023
451769570278231	451769600278023	451769582400523
451769586995575	451769608495314	451769587306825
451769611442294	451769624930262	451769611740262
451769620214169	451769633147293	451769620598856
451769636881669	451769649581147	451769637084325
451769653511200	451769674233491	451769657723492
451769677703856	451769690667137	451769677981304
451769686956825	451769698884741	451769687328075
451769703597294	451769715320001	451769703960367
451769720307398	451769731751356	451769720675106
451769736966356	451769756399689	451769741551773
451769761179012	451769772830522	451769761449481
451769770304898	451769781047241	451769770678544
451769786878544	451769797478959	451769787241669
451769803589117	451769830347033	451769816714794
451769829324950	451769846778335	451769829590887
451769836854481	451769854993907	451769837137919
451769853528700	451769871424481	451769853895679
451769870293075	451769896071147	451769884741200
451769887010106	451769904287867	451769887300419
451769914159429	451769928937814	451769914437398
451769920843856	451769937154168	451769921763700
451769936924950	451769953588647	451769937293231
451769953581200	451769970020054	451769959631981
451769977414325	451769994669845	451769977695366
451769986976616	451770002888334	451769987677450
451770004495419	451770019321877	451770004756616
451770020322085	451770035758439	451770020674012
451770037023856	451770052191355	451770041390731
451770061042554	451770076843075	451770061373544
451770070144950	451770085059845	451770070537710
451770086929950	451770101493647	451770087307294
451770103597450	451770117924845	451770103948231
451770120388023	451770142577501	451770124507294
451770145480887	451770159014168	451770145835262
451770153403075	451770167231564	451770153830679
451770170281356	451770183666825	451770170635679
451770186926043	451770216533543	451770203279585
451770203583179	451770224751981	451770203707293
451770228352137	451770241190157	451770228647762
451770236873231	451770249409011	451770237247554
451770253509273	451770265846200	451770253895418
451770270309012	451770290501408	451770272593960
451770293993856	451770306938856	451770294279325
451770303570418	451770315158595	451770303932918
451770320249012	451770331596356	451770320607137
451770336902398	451770364465418	451770350985418
451770353478856	451770372682240	451770353581356
451770381023179	451770397334950	451770381376773
451770386811668	451770405554689	451770387155106
451770403669116	451770413773647	451770404079168
451770420301981	451770438423490	451770429139637

POLL t=79.5 tick=2110
8333333
451780554250206	451780580466092	451780564639477
451780579491612	451780596905102	451780579795258
451780587587602	451780605124425	451780587870883
451780604295831	451780621565570	451780604692602
451780620954946	451780646227706	451780632895415
451780637589269	451780654449112	451780638003540
451780665242081	451780679108643	451780665524789
451780670842237	451780687329528	451780671642602
451780687571196	451780703769164	451780687944789
451780704314946	451780720210309	451780708826612
451780728157758	451780744866403	451780728485206
451780737585675	451780753086612	451780737779164
451780754245571	451780769527133	451780754613331
451780770877133	451780794186196	451780783021456
451780787608696	451780802406248	451780788096612
451780815758331	451780827066508	451780816137289
451780820770883	451780835287028	451780821249946
451780837566039	451780851726508	451780837940102
451780854202602	451780876381768	451780861547394
451780878018071	451780892822080	451780878305519
451780887579581	451780901042497	451780887946821
451780904283696	451780917483122	451780904621039
451780920918539	451780942141977	451780930998539
451780945012914	451780958583226	451780945285206
451780954253539	451780966804008	451780954633227
451780970930050	451780983245675	451780971289008
451780987595414	451781016126091	451780999380883
451781004300414	451781024345675	451781004630883
451781031903175	451781049006299	451781032211612
451781037593800	451781057227289	451781037933383
451781054305362	451781065448383	451781054776039
451781070943227	451781090108435	451781075629164
451781095418852	451781106546976	451781095695206
451781104302081	451781114766716	451781104667706
451781120935258	451781131207550	451781121299425
451781137551039	451781164085466	451781152359633
451781154263800	451781172304737	451781154604164
451781179371352	451781196962862	451781179680050
451781187523852	451781205182445	451781187807602
451781204264008	451781221619320	451781204631300
451781220930102	451781238058799	451781224559946
451781245030831	451781262720779	451781245329112
451781254181768	451781270941560	451781255086352
451781270967914	451781287381872	451781271430102
451781287644893	451781303820362	451781288022237
451781304395258	451781320261820	451781310039164
451781329158227	451781344923851	451781329477914
451781337637602	451781353144372	451781337834633
451781354310883	451781369586715	451781354956768
451781370980675	451781402470466	451781384716195
451781387658800	451781410691039	451781387937445
451781415513175	451781427131976	451781415792237
451781420952237	451781435352809	451781421378643
451781437642133	451781451793174	451781438005518
451781454306195	451781468234216	451781457497289
451781479072758	451781492898851	451781479349633
451781487638070	451781501120309	451781488095258
451781504321925	451781517562705	451781504683852
451781520977081	451781550445518	451781534994893
451781537634268	451781558666404	451781537968539
451781562736612	451781575108226	451781563012133
451781570934425	451781583328695	451781571315727
451781587661143	451781599766768	451781588028800
451781604410727	451781624429737	451781607974789
451781629165362	451781640870153	451781629445050
451781637642706	451781649090622	451781638055258
451781654310102	451781665530935	451781654666508
451781670986508	451781698415778	451781682833956
451781687639789	451781706636715	451781687976820
451781716256456	451781731295987	451781716601664
451781720982602	451781739516872	451781721384008
451781737641508	451781747737966	451781738008227
451781754388799	451781772400153	451781756703852
451781778947862	451781797064424	451781779224477
451781787721820	451781805284372	451781788324945
451781804463539	451781821723747	451781804876039
451781821000049	451781854603590	451781836849268
451781837725570	451781862823487	451781838052081
451781868449633	451781879262809	451781868751820
451781870989633	451781887482966	451781871909633
451781887745414	451781903925101	451781888129945
451781904422602	451781920367861	451781908223227
451781929261820	451781945027393	451781929527862
451781937768018	451781953247184	451781938069737
451781954379112	451781969687340	451781954746299
451781971077549	451782002572653	451781984971976
451781987870831	451782010794268	451781988172133
451782015925049	451782027239111	451782016191768
451782021157133	451782035460674	451782021618383
451782037828070	451782051899684	451782038184476
451782054576508	451782068339319	451782057511976
451782079150883	451782092996871	451782079424164
451782087718851	451782101216091	451782088096351
451782104432549	451782117655622	451782104784633
451782121171508	451782150536039	451782137341508
451782137852133	451782158756351	451782137927133
451782166084112	451782183418487	451782166378070
451782171116768	451782191638747	451782171461820
451782187697445	451782199858330	451782188105883
451782204430518	451782224519059	451782209461508
451782229263331	451782240960413	451782229528539
451782237752601	451782249181247	451782238111976
451782254487601	451782265620048	451782254843383
451782271264008	451782290279111	451782274770049
451782295906351	451782306718903	451782296190883
451782304439789	451782314938278	451782304808226
451782321066976	451782331377392	451782321426768
451782337732237	451782364255258	451782349903174
451782354530883	451782372476143	451782354888539
451782380567081	451782397136038	451782380860101
451782387738070	451782405355674	451782388063383
451782404439320	451782421793017	451782404792914
451782421111039	451782438233955	451782426859789
451782446517601	451782462896715	451782446863695
451782454285205	451782471118174	451782455095883
451782471113955	451782487560517	451782471466508
451782487768539	451782504004841	451782488126143
451782504452237	451782520443591	451782508590883
451782529421976	451782545104268	451782529694164
451782537754424	451782553324945	451782538005414
451782554364737	451782569764996	451782554732549
451782570985830	451782594425362	451782584331768
451782587806039	451782602645987	451782588106976
451782617348851	451782635529424	451782617742914
451782620994008	451782643749788	451782621469476
451782637790257	451782651969684	451782638152549
451782654399476	451782676630204	451782662525674

POLL t=91.3 tick=2316
8333333
451792290095098	451792317323952	451792295076816
451792314989785	451792333760670	451792315270827
451792322914264	451792341979941	451792323327858
451792339713952	451792350199368	451792340080827
451792356388223	451792391299524	451792374788952
451792373075723	451792399518639	451792374807754
451792398750983	451792415956972	451792399945202
451792406355254	451792424175201	451792406789264
451792423058327	451792465277076	451792447454629
451792439758379	451792473498743	451792447459889
451792465163379	451792481720409	451792466023639
451792472901764	451792489941660	451792473681400
451792489775358	451792506382649	451792490551347
451792506521608	451792539261451	451792522153587
451792523202285	451792547481034	451792523505410
451792547554889	451792563921451	451792548065879
451792556480983	451792572140982	451792556656295
451792573030566	451792605023534	451792594819160
451792589766191	451792613243899	451792594825879
451792615314316	451792629687076	451792615756347
451792622882545	451792637908170	451792623552129
451792639701504	451792654351399	451792640334316
451792656369160	451792695455513	451792678276660
451792673077285	451792703675566	451792678349316
451792696856452	451792711895202	451792697148795
451792706228222	451792720115254	451792706615722
451792723044004	451792736555670	451792723424004
451792739735827	451792769438066	451792754641504
451792756426920	451792777659159	451792756790670
451792782349629	451792794098951	451792782700722
451792789611972	451792802317493	451792790029316
451792806405722	451792818754367	451792806792285
451792823050566	451792835192545	451792823411191
451792839778535	451792859853951	451792845363639
451792865020827	451792876292545	451792865291504
451792873067441	451792884512128	451792873474264
451792889715514	451792900950982	451792890074160
451792906399108	451792942047649	451792924315045
451792923122597	451792950269055	451792924324160
451792949314785	451792966711555	451792949680879
451792956344629	451792974930982	451792956710879
451792973098326	451793007806243	451792996872129
451792989802597	451793016025305	451792996882233
451793015786347	451793032462909	451793016841035
451793022952129	451793040682232	451793023320045
451793039820410	451793057122076	451793041082285
451793056432597	451793089999472	451793076662285
451793073333066	451793098218378	451793076671035
451793099570097	451793114655930	451793099854004
451793106281035	451793122874889	451793106973222
451793123196139	451793139312701	451793123424576
451793139751035	451793180408014	451793163581087
451793156464576	451793188628482	451793163645149
451793181434108	451793196847909	451793181720878
451793189723639	451793205067961	451793190092076
451793206429733	451793221508274	451793206793483
451793223135097	451793246165670	451793230204264
451793247573535	451793262607076	451793247901191
451793256399628	451793270827232	451793256761503
451793273075983	451793287268482	451793273442128
451793289713066	451793311922493	451793297455253
451793313708378	451793328358586	451793313995097
451793323077597	451793336578066	451793323452285
451793339748378	451793353014940	451793340135358
451793356447910	451793377671294	451793361742285
451793380404628	451793394105461	451793380762910
451793389746139	451793402322909	451793390100045
451793406402910	451793418761660	451793406770514
451793423121191	451793443416034	451793431244941
451793447453847	451793459848586	451793447799472
451793456415410	451793468066398	451793456771764
451793473085670	451793484503950	451793473453795
451793489751347	451793509160618	451793496353847
451793514033691	451793525597544	451793514315878
451793523144785	451793533816503	451793523522233
451793539807910	451793550254628	451793540172441
451793556605201	451793574910878	451793562303847
451793580701347	451793591348586	451793580976920
451793589733795	451793607788951	451793590086347
451793606437597	451793624229940	451793606800201
451793623195670	451793640670982	451793631211764
451793647297910	451793665330878	451793647576503
451793656652389	451793673551139	451793657493482
451793673400722	451793689989680	451793673764941
451793690024003	451793714649785	451793698992857
451793714631347	451793731090618	451793714900722
451793723343326	451793739311034	451793723942076
451793740120722	451793755754107	451793740415878
451793756805097	451793780415200	451793764382597
451793780904107	451793796856554	451793781193847
451793789985878	451793805077440	451793790362076
451793806722232	451793821517961	451793807361607
451793823432128	451793846175461	451793830075409
451793848193534	451793862614315	451793848479732
451793856739576	451793870834784	451793857117597
451793873401034	451793887270826	451793873773639
451793890049159	451793911923586	451793899291503
451793914747284	451793928361086	451793915013847
451793923405045	451793936579054	451793923764628
451793940092284	451793953015670	451793940459003
451793956870514	451793977670356	451793964097753
451793980813222	451793994107649	451793981079889
451793989985097	451794002326451	451793990344576
451794006771034	451794018763221	451794007400253
451794023477128	451794043418482	451794030700982
451794047850878	451794059853690	451794048144472
451794056801659	451794068072284	451794057173482
451794073425878	451794084509680	451794073788847
451794090079316	451794117379836	451794101922284
451794115968378	451794133817284	451794116283066
451794123350982	451794142035200	451794123733534
451794140123639	451794158472649	451794140490722
451794156753795	451794183124575	451794166987701
451794183190201	451794199559836	451794183518691
451794190049941	451794207776867	451794190337128
451794206695409	451794224209993	451794207067128
451794223411503	451794248864159	451794234317441
451794248015253	451794265300617	451794248271920
451794256733795	451794273517284	451794257045097
451794273403795	451794289952805	451794273771816
451794290166034	451794314601971	451794299765409
451794316472284	451794331036294	451794316817909
451794323578013	451794339253794	451794323963534
451794340281034	451794355688430	451794340641034
451794356975670	451794380340461	451794366119628
451794381489941	451794396776086	451794381767909
451794390201763	9223372036854775807	451794390616659

POLL t=101.5 tick=2462
8333333
451802708637073	451802721842957	451802709005198
451802725310562	451802738281187	451802725665562
451802741997125	451802762938948	451802748404312
451802765507229	451802779378322	451802765793375
451802775336031	451802787597384	451802775698375
451802791993323	451802804035718	451802792341448
451802808694260	451802828692229	451802818532437
451802832376448	451802845130458	451802832648166
451802842003166	451802853349416	451802842351187
451802858646604	451802869787489	451802858998219
451802875330094	451802894444937	451802883163531
451802899053062	451802910883166	451802899334000
451802908643844	451802919103062	451802908992750
451802925321760	451802935541552	451802925691916
451802942054468	451802960199051	451802948502385
451802965863166	451802976635562	451802966153843
451802975321812	451802993070614	451802975690354
451802991976812	451803009506760	451802992338843
451803008663062	451803034162802	451803017573323
451803033568531	451803050600510	451803033928218
451803041988375	451803058820093	451803042772281
451803058683843	451803075258531	451803059043791
451803075305406	451803108130875	451803091260250
451803091999156	451803116350353	451803092350406
451803116849312	451803132787749	451803117123531
451803125331604	451803141006655	451803125531604
451803142011760	451803165662957	451803155466656
451803158723843	451803173882593	451803158994312
451803185930093	451803198533999	451803186248843
451803191894573	451803206749624	451803192353375
451803208750823	451803223183270	451803209058323
451803225393218	451803239618478	451803226745354
451803248905979	451803264269624	451803249241968
451803258662593	451803272486291	451803259029625
451803275348531	451803288921812	451803275708531
451803292042073	451803313575666	451803303165041
451803315886916	451803330011603	451803316145666
451803325328062	451803338229104	451803325705041
451803342006968	451803354662906	451803342370718
451803358677593	451803379316239	451803364430875
451803382278531	451803395754520	451803382567541
451803392059260	451803403973739	451803392381291
451803408684416	451803420411343	451803409334312
451803425370406	451803445068634	451803429190406
451803448833531	451803461506343	451803449172697
451803458518479	451803469724988	451803458904104
451803475314937	451803486161604	451803475729156
451803491973791	451803510822749	451803500725822
451803516298947	451803527265666	451803516602281
451803525292593	451803543708114	451803525695250
451803541952125	451803560148478	451803542332229
451803558612906	451803584811135	451803569490510
451803583601135	451803601250874	451803583891656
451803592050406	451803609470510	451803592285718
451803608667749	451803625910613	451803609064572
451803625336916	451803650566030	451803633528374
451803649690093	451803667003634	451803649981760
451803658853166	451803675222176	451803659616656
451803675435249	451803691659051	451803675801343
451803692152593	451803708096134	451803697648635
451803716102697	451803732751707	451803716416968
451803725316031	451803740970666	451803725744624
451803742144781	451803757407540	451803742587437
451803758787437	451803790277384	451803773112437
451803775430874	451803798494780	451803775739937
451803801271343	451803814929676	451803801570041
451803808753062	451803823147593	451803809132541
451803825441968	451803847799520	451803833900041
451803848765874	451803864233738	451803849076187
451803858794260	451803872450926	451803859204312
451803875481656	451803888884624	451803875850406
451803892218062	451803905319156	451803895531343
451803916116343	451803929974676	451803916450718
451803925375718	451803938192645	451803925871656
451803942045666	451803954627749	451803942402697
451803958793791	451803987491551	451803970470093
451803983537437	451803995708218	451803983821499
451803992160718	451804003924051	451803992520666
451804008781135	451804020356447	451804009138166
451804025605979	451804045004155	451804030996135
451804048756916	451804061433010	451804049040666
451804058707541	451804069648009	451804059060093
451804075432697	451804086076395	451804075810874
451804092300510	451804110719937	451804094697593
451804115863843	451804127151030	451804116129468
451804125568531	451804143582072	451804125996760
451804142134312	451804160011239	451804142496656
451804158838322	451804184660457	451804168356291
451804183183010	451804201096083	451804183464624
451804192252228	451804209312801	451804192750718
451804208810093	451804225746394	451804209147385
451804225506031	451804242179363	451804230498687
451804248457437	451804266833634	451804248728374
451804258985874	451804275053269	451804259167280
451804275448322	451804291489728	451804275804468
451804292146603	451804307924624	451804295993062
451804315939155	451804332574937	451804316255874
451804325437905	451804340790301	451804325898843
451804342183166	451804357224780	451804342563687
451804358813166	451804381876864	451804370356968
451804381959572	451804398311968	451804382286916
451804392145718	451804406529937	451804392519937
451804408787437	451804422964780	451804409137280
451804425531447	451804447616915	451804433132749
451804448346343	451804464051864	451804448610978
451804458787541	451804472269624	451804459191343
451804475515093	451804488701655	451804475859260
451804492218218	451804513353843	451804495685562
451804514628999	451804529787592	451804514920562
451804525419728	451804538005144	451804525811499
451804542125666	451804570880353	451804554787072
451804558838999	451804579098894	451804559173010
451804585267385	451804595533478	451804585586030
451804592054468	451804603751030	451804592455874
451804608818218	451804620186603	451804609185405
451804625494416	451804644839416	451804626867905
451804649642905	451804661272957	451804649928999
451804659963374	451804677706915	451804660327280
451804676671030	451804694141082	451804677037593
451804693370874	451804710576082	451804700316603
451804716259884	451804727012592	451804716540353
451804726666968	451804743446187	451804727032749
451804743390874	451804759881602	451804743828634
451804759924468	451804784534728	451804767463687
451804783427124	451804800970509	451804783714884
451804793236968	451804809188321	451804793439312
451804810008947	451804825624728	451804810370093

