window ticks 1900->2588 wall 30.10 s (units: 10 ms per state)
--- cpu0 freq_Hz delta_10ms
384000 0
556800 0
748800 0
960000 0
1152000 0
1363200 0
1555200 0
1785600 537
1996800 47
2227200 18
2400000 13
2745600 14
2918400 3
3072000 4
3321600 4
3532800 2372
--- cpu1 freq_Hz delta_10ms
384000 0
556800 0
748800 0
960000 0
1152000 0
1363200 0
1555200 0
1785600 541
1996800 47
2227200 19
2400000 13
2745600 14
2918400 3
3072000 4
3321600 4
3532800 2369
--- cpu2 freq_Hz delta_10ms
384000 0
556800 0
748800 0
960000 0
1152000 0
1363200 0
1555200 0
1785600 545
1996800 47
2227200 19
2400000 14
2745600 14
2918400 3
3072000 4
3321600 4
3532800 2365
--- cpu3 freq_Hz delta_10ms
384000 0
556800 0
748800 0
960000 0
1152000 0
1363200 0
1555200 0
1785600 547
1996800 47
2227200 20
2400000 14
2745600 15
2918400 3
3072000 4
3321600 4
3532800 2362
--- cpu4 freq_Hz delta_10ms
384000 0
556800 0
748800 0
960000 0
1152000 0
1363200 0
1555200 0
1785600 549
1996800 47
2227200 20
2400000 14
2745600 15
2918400 3
3072000 4
3321600 4
3532800 2359
--- cpu5 freq_Hz delta_10ms
384000 0
556800 0
748800 0
960000 0
1152000 0
1363200 0
1555200 0
1785600 552
1996800 47
2227200 20
2400000 14
2745600 16
2918400 3
3072000 4
3321600 4
3532800 2355
--- cpu6 freq_Hz delta_10ms
1017600 0
1209600 0
1401600 0
1689600 0
1958400 0
2246400 125
2438400 23
2649600 29
2841600 42
3072000 55
3283200 35
3513600 41
3801600 968
4089600 746
4204800 154
4320000 800
--- cpu7 freq_Hz delta_10ms
1017600 0
1209600 0
1401600 0
1689600 0
1958400 0
2246400 125
2438400 23
2649600 29
2841600 42
3072000 55
3283200 35
3513600 41
3801600 968
4089600 745
4204800 154
4320000 801
gpu_freqs: 1100000000 1050000000 967000000 900000000 832000000 734000000 660000000 607000000 525000000 443000000 389000000 342000000 222000000 160000000
gpu_clock_stats_delta: 0 0 0 0 0 0 16842036 0 0 0 0 0 0 0
