8333333
163297238262704	163297253946194	163297238654111
163297251025673	163297262162288	163297251546402
163297283357652	163297295030152	163297283913329
163297284357861	163297303248017	163297284671611
163297301060048	163297311464839	163297301587392
163297331293746	163297344335204	163297331863746
163297334356298	163297352553016	163297334655986
163297351041558	163297368986870	163297351575048
163297379478486	163297393634735	163297379958798
163297384463642	163297401849891	163297384754423
163297401164111	163297418282235	163297401655933
163297427117652	163297442930725	163297427533798
163297434408173	163297451148069	163297435489683
163297451178798	163297467581558	163297451596767
163297475278121	163297492234527	163297475734840
163297484522183	163297500451767	163297485320465
163297501230986	163297516889110	163297501637704
163297523829683	163297541546298	163297524299423
163297534474110	163297549764735	163297534701871
163297551236142	163297566198068	163297551640985
163297572580048	163297590852651	163297572933329
163297584474527	163297599071194	163297584889110
163297601166610	163297615507443	163297601564683
163297622730204	163297640163693	163297623093121
163297634468590	163297648381194	163297634930777
163297651155048	163297664816141	163297651581610
163297672935621	163297689471401	163297673307965
163297684535985	163297697688381	163297684922704
163297701126298	163297714123433	163297701544996
163297721093954	163297738777079	163297721460933
163297734495673	163297746996454	163297734911142
163297766254215	163297779913329	163297766622183
163297767729892	163297788092339	163297768080985
163297784487548	163297796308537	163297784909267
163297813324110	163297829178642	163297813709423
163297817753121	163297837397600	163297818050829
163297834523954	163297845617235	163297835009735
163297860487392	163297878488745	163297860861923
163297867769423	163297886707391	163297868081454
163297884593590	163297903146714	163297885047079
163297907953902	163297919582964	163297908388121
163297917831767	163297936018017	163297918250360
163297934541402	163297952452391	163297935010673
163297956967340	163297968888277	163297957334527
163297967921142	163297985324110	163297968374996
163297984512235	163298001758589	163297984937548
163298004873173	163298018193329	163298005233798
163298017883589	163298034628485	163298018340673
163298050428954	163298067497131	163298050802548
163298051087860	163298075714266	163298051200204
163298067889110	163298083931193	163298068348954
163298098015204	163298108579423	163298098393121
163298101130985	163298116796037	163298101407548
163298117936142	163298133228901	163298118425360
163298145489110	163298157877339	163298145855517
163298151149735	163298166092287	163298151536402
163298167905517	163298182520932	163298168365517
163298193371141	163298207163485	163298193760673
163298201163329	163298215378641	163298201533433
163298217863016	163298231808537	163298218356610
163298240984996	163298256458849	163298241354110
163298251187235	163298264672703	163298251697652
163298267859110	163298281103068	163298268345204
163298291819839	163298305753641	163298292291923
163298301179058	163298313970047	163298301691923
163298317853641	163298330401714	163298318350516
163298339595516	163298355050360	163298339960204
163298351183798	163298363267964	163298351684371
163298384484214	163298396133589	163298384866610
163298384977496	163298404348589	163298385065829
163298401437183	163298412564162	163298401939527
163298431985516	163298445428693	163298432359214
163298434745308	163298453644943	163298435022183
163298451434996	163298470074630	163298451968173
163298479221871	163298494720985	163298479591558
163298484783954	163298502935776	163298485113798
163298501433485	163298519366766	163298502004839
163298527056454	163298544012807	163298527425204
163298534776766	163298552228381	163298535192496
163298551434996	163298568660568	163298551878589
163298574685829	163298585092339	163298575051766
163298584780829	163298601526766	163298585228485
163298601440829	163298617960777	163298601881766
163298625019891	163298642611193	163298625386141
163298634768798	163298650828485	163298635172391
163298651434839	163298667263901	163298651879110
163298672912495	163298683696818	163298673317391
163298684813485	163298700130933	163298685262027
163298717774214	163298732997287	163298718154266
163298718189891	163298741214318	163298718318173
163298734818433	163298749431453	163298735272495
163298765304370	163298782296818	163298765719579
163298768100308	163298790513745	163298768407495
163298784833641	163298798729839	163298785330933
163298813151298	163298831594370	163298813518589
163298818143329	163298839811193	163298818418798
163298834840516	163298848028745	163298835393589
163298860996922	163298872683485	163298861367079
163298868232079	163298880901817	163298868746245
163298884883797	163298897340672	163298885409110
163298909012235	163298921994995	163298909378797
163298918177964	163298930213484	163298918686766
163298934848329	163298946648276	163298935364579
163298956687079	163298971301714	163298957040360
163298968198277	163298979521662	163298968712495
163298984862079	163298995957495	163298985388172
163299007572079	163299020607130	163299007935777
163299018209370	163299028822338	163299018714735
163299034874735	163299045253536	163299035502964
163299055559735	163299069903381	163299055922547
163299068224735	163299086336192	163299068794579
163299100707547	163299110984161	163299101063589
163299101568120	163299119199318	163299101846922
163299118225620	163299135629214	163299118777547
163299148655985	163299160279422	163299148993797
163299151524370	163299168498484	163299152332860
163299168301454	163299184934058	163299168791610
163299196552391	163299209586454	163299196915308
163299201589579	163299217802026	163299202348641
163299218360360	163299234235359	163299218828902
163299243827964	163299258884943	163299244295516
163299251581141	163299267101037	163299251956454
163299268320308	163299283533120	163299268742808
163299291417547	163299308183640	163299291828329
163299301617964	163299316401505	163299302006922
163299318349683	163299332836922	163299318752339
163299339780620	9223372036854775807	163299340190360

