8333333
163232179796427	163232192127364	163232180230333
163232201172365	163232216778301	163232201629448
163232213138042	163232224996270	163232213580333
163232244071010	163232257861010	163232244436635
163232246450073	163232266077364	163232246729760
163232263158823	163232274295177	163232263667729
163232286709396	163232298945749	163232287082885
163232296544135	163232307161062	163232297060385
163232329605698	163232340026062	163232330101635
163232329960073	163232348243718	163232330186479
163232346619135	163232364677625	163232347112104
163232372403979	163232389328197	163232372768615
163232379978354	163232397546322	163232380309552
163232396618510	163232413980072	163232397175646
163232425392260	163232438630801	163232425901896
163232429985854	163232446847520	163232430365802
163232457623302	163232471498979	163232458147260
163232463206271	163232479716114	163232463558042
163232479916792	163232496150072	163232480435229
163232510542885	163232520798823	163232511065542
163232513270802	163232529015228	163232513756948
163232542627521	163232553660906	163232542991739
163232546611010	163232561876270	163232546986479
163232563334760	163232578307364	163232563838979
163232585135021	163232602952832	163232585644604
163232596698771	163232611168406	163232597212364
163232627466739	163232644029030	163232627981167
163232629914760	163232652244239	163232630210542
163232646655021	163232660458041	163232647152260
163232669642729	163232685096530	163232670009291
163232680027260	163232693311687	163232680566635
163232711673666	163232726168510	163232712054916
163232713246323	163232734384811	163232713548979
163232729989864	163232742601166	163232730531948
163232753928198	163232767244134	163232754448823
163232763334760	163232775459759	163232763927729
163232795970854	163232808319030	163232796423510
163232796627729	163232816535437	163232796728927
163232813371427	163232824752780	163232813873510
163232837798354	163232849400177	163232838177833
163232846716323	163232857615905	163232847214760
163232879692260	163232890482468	163232880116271
163232880187260	163232898700020	163232880302260
163232896771583	163232915135072	163232897275958
163232921717052	163232939784291	163232922224916
163232930090698	163232947999604	163232930442989
163232946764448	163232964431322	163232947252208
163232973563510	163232989081531	163232974080073
163232980085073	163232997297677	163232980518510
163233005611323	163233021943979	163233005995073
163233013441896	163233030160125	163233013806791
163233030101010	163233046595229	163233030628458
163233057379916	163233071246687	163233057918666
163233063525646	163233079464135	163233064093510
163233089573145	163233104114968	163233090086323
163233096892416	163233112331009	163233097198510
163233113530333	163233128765385	163233114066323
163233141522729	163233153414291	163233142003510
163233146941791	163233161630749	163233147419916
163233173287833	163233186281270	163233173677208
163233180177104	163233194499499	163233180588927
163233196918198	163233210933822	163233197341270
163233224827573	163233235582312	163233225257104
163233230214083	163233243797781	163233230637416
163233256519395	163233268444290	163233256894760
163233263560698	163233276659656	163233263987989
163233280256635	163233293093822	163233280675073
163233308669447	163233325960801	163233309069447
163233313528510	163233334178458	163233313875802
163233340664916	163233358829291	163233341043041
163233346830177	163233367046582	163233347226583
163233363582677	163233375264082	163233363998458
163233392655541	163233408135958	163233393073354
163233396860854	163233416353509	163233397168197
163233424765489	163233441003926	163233425134447
163233430236427	163233449220385	163233430547520
163233446892677	163233457438457	163233447356270
163233491484604	163233506739968	163233491928770
163233491818979	163233514957884	163233491932833
163233519220489	163233531391426	163233519652208
163233525047572	163233539608093	163233525467989
163233551134760	163233564259134	163233551528614
163233558429760	163233572476374	163233558850385
163233575118041	163233588911999	163233575527885
163233607893510	163233621780853	163233608316635
163233608321947	163233629998613	163233608450177
163233636039447	163233654650697	163233636425072
163233641781166	163233662866582	163233642060072
163233658503614	163233671083301	163233659003979
163233688838354	163233703949083	163233689307208
163233691795229	163233712165488	163233692146635
163233720871791	163233736812988	163233721252520
163233725121479	163233745028458	163233725466791
163233741820229	163233753245644	163233742307416
163233763472572	163233777897572	163233763983354
163233775211010	163233786114916	163233775698041
163233805611166	163233818981426	163233805989291
163233808371791	163233827197363	163233808665072
163233825180176	163233835414291	163233825680958
163233848081270	163233860064238	163233848472416
163233858485697	163233876493248	163233858974447
163233890788041	163233901138197	163233891260489
163233891756791	163233909353301	163233892216947
163233908518979	163233925786322	163233908914604
163233932904551	163233950437468	163233933292729
163233941808354	163233958654863	163233942860385
163233975197728	163233991520697	163233975575072
163233975672520	163233999737103	163233975760072
163233992167364	163234007953613	163233992391478
163234017854239	163234032604603	163234018329395
163234025465228	163234040820592	163234025841114
163234042162208	163234057251113	163234042672728
163234085304083	163234098331634	163234085811010
163234085635228	163234106548561	163234085865801
163234117256635	163234131199186	163234117784083
163234118922103	163234139417416	163234119256478
163234145460072	163234155850957	163234146032103
163234152233770	163234164066791	163234152751010
163234168912572	163234180500957	163234169421635
163234202203510	163234213368874	163234202713822
163234202526635	163234221586843	163234202778666
163234230131635	163234246239915	163234230509135
163234235756791	163234254456425	163234236056270
163234252445958	163234270891791	163234252950333
163234297346635	163234311977363	163234297868353
163234297545801	163234320195072	163234297890072
163234325137364	9223372036854775807	163234325557989

