8333333
163216894284298	163216909054297	163216894652423
163216896641485	163216917271693	163216896938152
163216913381954	163216925490234	163216913843516
163216942129870	163216958359870	163216942489141
163216946670704	163216966577995	163216947052579
163216963415027	163216974795391	163216963826277
163216989600079	163216999446692	163216989967735
163216996770547	163217007664609	163216997195235
163217013442110	163217024099818	163217013852683
163217036956589	163217048754402	163217037325808
163217046751329	163217056972318	163217047166641
163217063424141	163217081629557	163217063899870
163217084677422	163217098068307	163217085058516
163217096730235	163217114504089	163217097148933
163217113384454	163217130940391	163217113806797
163217134280079	163217147376380	163217134652735
163217146684297	163217163812317	163217147108985
163217163449141	163217180246588	163217163999454
163217182666172	163217196680495	163217183037995
163217196819714	163217213114141	163217197231433
163217227493620	163217237762578	163217227980964
163217229998360	163217245978151	163217230396641
163217246741277	163217262409818	163217247161329
163217274256016	163217287055703	163217274673204
163217280062422	163217295272161	163217280422579
163217296775652	163217311705860	163217297194141
163217321511745	163217336355183	163217321878204
163217330105860	163217344575130	163217330609558
163217346786485	163217361012474	163217347247891
163217369056485	163217385667161	163217369430704
163217380203829	163217393886953	163217380621276
163217396865495	163217410326797	163217397360704
163217419631797	163217434984766	163217419994922
163217430062370	163217443203515	163217430473933
163217446752891	163217459641484	163217447173360
163217467133985	163217484294401	163217467496172
163217480100808	163217492513411	163217480603047
163217511799297	163217525385495	163217512168985
163217513293464	163217533603568	163217513628204
163217530043620	163217541822942	163217530621589
163217559145026	163217574698672	163217559508516
163217563347579	163217582917838	163217563621016
163217580088828	163217591136432	163217580573516
163217606639453	163217624007786	163217607037839
163217613358933	163217632226693	163217613726328
163217630041485	163217648662891	163217630617578
163217653918516	163217665100026	163217654290651
163217663388151	163217681536640	163217663953151
163217680090339	163217697974766	163217680588047
163217703614297	163217714409766	163217703981797
163217713387891	163217730846224	163217713908203
163217730056485	163217747283203	163217730557578
163217750413620	163217763721380	163217750785860
163217763388776	163217780162005	163217763949245
163217794404714	163217804817265	163217794935651
163217796711172	163217813034609	163217797957266
163217813389714	163217829474088	163217813893985
163217841109401	163217854130859	163217841663360
163217846730547	163217862348515	163217847027110
163217863389870	163217878782786	163217863946589
163217887612214	163217903435234	163217887983828
163217896723516	163217911653203	163217897222891
163217913393776	163217928089401	163217913893672
163217937318464	163217952744610	163217937693828
163217946725078	163217960962213	163217947042891
163217963399453	163217977394662	163217963915183
163217983986120	163218002046745	163217984350860
163217996753672	163218010264453	163217997209453
163218027878516	163218043130130	163218028334870
163218029973151	163218051347318	163218030270964
163218046710703	163218059565338	163218046975703
163218074114557	163218092430703	163218074572422
163218080043360	163218100648776	163218080359766
163218096715860	163218108865442	163218097152422
163218120468151	163218133514766	163218120846276
163218130049453	163218141731640	163218130526589
163218146712422	163218158167161	163218146984557
163218169737110	163218182818255	163218170109141
163218180095495	163218191033984	163218180543047
163218196752422	163218207467265	163218197202891
163218216915651	163218232114504	163218217290495
163218230063203	163218240330442	163218230573516
163218260531328	163218273191119	163218260882422
163218263311641	163218281406275	163218263618307
163218280015703	163218297837994	163218280524609
163218307673984	163218322488151	163218308243047
163218313305026	163218330703932	163218313672109
163218329993203	163218347137474	163218330585651
163218355028151	163218371786224	163218355533620
163218363381745	163218380002681	163218364369453
163218380127682	163218396434974	163218380629141
163218402059401	163218412869713	163218402558307
163218413352682	163218429304244	163218413869401
163218430020547	163218445739088	163218430533464
163218452796328	163218470390494	163218453271953
163218463390859	163218478607994	163218463689141
163218496631328	163218511472682	163218497022370
163218497018516	163218519689453	163218497106172
163218513550078	163218527907005	163218513986641
163218543318672	163218560775234	163218543707422
163218546863672	163218568989922	163218547145234
163218563556172	163218577205703	163218563967995
163218590447422	163218601853202	163218590823307
163218596901328	163218610068984	163218597309766
163218613609714	163218626502421	163218614014557
163218637877109	163218651152369	163218638255547
163218646900807	163218659369817	163218647350964
163218663647422	163218675806484	163218664067214
163218685278984	163218700462370	163218685640234
163218696913828	163218708679661	163218697311328
163218713618516	163218725115443	163218714033516
163218735451276	163218749766900	163218735870234
163218746898047	163218757983671	163218747319088
163218780661901	163218790855754	163218781033984
163218780950078	163218799072890	163218781044141
163218797679609	163218815508880	163218798167838
163218828268359	163218840162473	163218828612891
163218830906016	163218848381223	163218831202891
163218847693359	163218864815963	163218848177109
163218875131588	163218889470546	163218875546016
163218880939922	163218897689297	163218881911797
163218897645703	163218914124400	163218898065026
163218922385963	163218938779348	163218922856015
163218931008828	163218946997317	163218932137734
163218947701015	163218963431067	163218948202682
163218969070234	163218979865130	163218969434453
163218980977526	9223372036854775807	163218981392995

