8333333
163211750356018	163211765142320	163211750730966
163211761816435	163211773360028	163211762226956
163211778497268	163211789794507	163211778911747
163211801763362	163211814448413	163211802130393
163211811776487	163211822666226	163211812204768
163211828486904	163211839100861	163211828916591
163211850316591	163211863749820	163211850679924
163211861769456	163211880180653	163211862198831
163211878470706	163211896612372	163211878973674
163211898883674	163211913043830	163211899256435
163211911745654	163211929477164	163211912166018
163211944015341	163211962345185	163211944357216
163211945034299	163211970562007	163211945320862
163211961803466	163211978780340	163211962331331
163211991605393	163212003433310	163211991968154
163211995129143	163212011651278	163211996137216
163212011781747	163212028086643	163212012317424
163212039234768	163212052735496	163212039604091
163212045134247	163212060952997	163212045660654
163212061804299	163212077388830	163212062331018
163212086759299	163212102042007	163212087129924
163212095136435	163212110259715	163212095648362
163212111814456	163212126693413	163212112340029
163212134274143	163212151344246	163212134642424
163212145142841	163212159561695	163212145649768
163212161807424	163212175996382	163212162311174
163212184780393	163212200644871	163212185148049
163212195144091	163212208861903	163212195700966
163212211812528	163212225294976	163212212335393
163212232438778	163212249947320	163212232806643
163212245140549	163212258165028	163212245653778
163212277440862	163212291033518	163212277848518
163212278408935	163212299250965	163212278701643
163212295155862	163212307468049	163212295721591
163212324990185	163212340337059	163212325364872
163212328461643	163212348555549	163212328743466
163212345156799	163212356773725	163212345695705
163212372762685	163212389644351	163212373117424
163212378462528	163212397862685	163212378747580
163212395157112	163212406081017	163212395664299
163212420456591	163212438954403	163212420869924
163212428477528	163212447173257	163212428842112
163212445159768	163212463609819	163212445663674
163212468164455	163212480045966	163212468555185
163212478501174	163212496483257	163212479060237
163212495162060	163212512919090	163212495723205
163212518463674	163212529353621	163212518838778
163212528503830	163212545788310	163212529015028
163212545157893	163212562224663	163212545747268
163212566193466	163212578659038	163212566568830
163212578502841	163212595092892	163212579000705
163212611199091	163212627966799	163212611765393
163212611912424	163212636185548	163212612096487
163212628619299	163212644404298	163212629098310
163212658644560	163212669060757	163212659231435
163212661849091	163212677277788	163212662058674
163212678634455	163212693708570	163212679112424
163212705695237	163212718357007	163212706266435
163212711873049	163212726572476	163212712395966
163212728599455	163212743007059	163212729106018
163212752989455	163212767663673	163212753504924
163212761878205	163212775882111	163212762397112
163212778532893	163212792316799	163212779052268
163212800137424	163212816970600	163212800518049
163212811918830	163212825188465	163212812371174
163212828602528	163212841628152	163212829042059
163212850082997	163212866283934	163212850451591
163212861922424	163212874503309	163212862373309
163212894341122	163212907379091	163212894712216
163212895208205	163212915596799	163212895502893
163212911966903	163212923814350	163212912424455
163212941305497	163212956682945	163212941693934
163212945257216	163212964900548	163212945535341
163212962006018	163212973116903	163212962440341
163212988771018	163213005982684	163212989149247
163212995291330	163213014200393	163212995572216
163213011979716	163213022417476	163213012376799
163213035567424	163213047068622	163213035985705
163213045344455	163213063500027	163213045745861
163213062041799	163213079934767	163213062452528
163213083303674	163213096369299	163213083713153
163213095386591	163213112803725	163213095837372
163213112039299	163213129236330	163213112424924
163213133724768	163213145670340	163213134091434
163213145403674	163213162103361	163213145820653
163213161992111	163213178537684	163213162410549
163213181336018	163213194973309	163213181707268
163213195325705	163213211406382	163213195724611
163213226637580	163213244271486	163213227053518
163213228575184	163213252489194	163213228881486
163213245309924	163213260706799	163213245727528
163213274101799	163213285357007	163213274519611
163213278658518	163213293574611	163213279021486
163213295335966	163213310007007	163213295752997
163213322124768	163213334657267	163213322624455
163213328650809	163213342874663	163213329137111
163213345404611	163213359308829	163213345888518
163213369510236	163213383957684	163213369885497
163213378645236	163213392173465	163213379104872
163213395420080	163213408602736	163213395858205
163213417487059	163213433246902	163213417890549
163213428661799	163213441462787	163213429086278
163213445425236	163213457892527	163213445921643
163213468110965	163213482538829	163213468581486
163213478711486	163213490754715	163213479185705
163213495398986	163213507186590	163213495927268
163213516661330	163213531835079	163213517128830
163213528658830	163213540051798	163213529131747
163213561458361	163213572918465	163213561826330
163213562011643	163213581134507	163213562099715
163213578803830	163213589349610	163213579275340
163213609310236	163213622211382	163213609734455
163213611963622	163213630426798	163213612278361
163213628735080	163213646858777	163213629220549
163213657058674	163213671508829	163213657437892
163213662077372	163213679725652	163213662418674
163213678749924	163213696161642	163213679321955
163213704804715	163213720816069	163213705171903
163213712152580	163213729034819	163213712541799
163213728833934	163213745473778	163213729337111
163213752364872	163213770130444	163213752734767
163213762192580	163213778349819	163213763455705
163213778765705	163213794785860	163213779248986
163213802682424	163213819442996	163213803098465
163213812080080	163213827661538	163213812529924
163213828804455	163213844097424	163213829289455
163213850719299	9223372036854775807	163213851081434

