8333333
163206692292531	163206703102530	163206692578676
163206694402895	163206711320707	163206694728676
163206719772062	163206735973936	163206720203051
163206727790187	163206744192999	163206728147739
163206744455239	163206760632270	163206744927270
163206775783520	163206793512061	163206776228312
163206777734093	163206801731645	163206778110239
163206803778468	163206818168832	163206804302374
163206811107999	163206826387947	163206811489093
163206827841489	163206842824822	163206828358989
163206855839874	163206867480708	163206856346489
163206861119301	163206875698884	163206861629301
163206887601333	163206900354666	163206887969301
163206894461020	163206908573416	163206894797739
163206911166801	163206925010134	163206911674770
163206939922270	163206957887738	163206940405499
163206944472999	163206966107113	163206944836489
163206971953208	163206982547322	163206972434874
163206977812583	163206990768155	163206978180083
163206994466749	163207007205655	163206994845083
163207024230968	163207040080863	163207024771489
163207027753833	163207048299978	163207028125030
163207055963780	163207072955290	163207056349249
163207061109093	163207081174093	163207061490395
163207077773208	163207089392843	163207078351280
163207108328520	163207122266749	163207108849301
163207111074457	163207130487217	163207111454145
163207140404249	163207155142113	163207140786020
163207144413832	163207163360863	163207144750395
163207161153520	163207171577269	163207161676280
163207182324249	163207196226853	163207182698989
163207194484614	163207212660343	163207195055239
163207224323676	163207237314613	163207224712687
163207227772895	163207245532166	163207228083364
163207244538676	163207261964718	163207245104770
163207266357895	163207278400238	163207266875707
163207277849718	163207294837322	163207278551332
163207308313832	163207319492218	163207308721905
163207311132895	163207327711332	163207312265655
163207327832739	163207344146905	163207328347687
163207349834145	163207360584040	163207350212114
163207361167999	163207377021436	163207361667426
163207391349718	163207409893572	163207391733468
163207394419770	163207418110134	163207394757426
163207411135864	163207426328624	163207411653989
163207433067270	163207450985082	163207433648937
163207444530343	163207459204040	163207445038051
163207474796749	163207492082582	163207475299301
163207477842843	163207500301332	163207478202426
163207494542739	163207508520342	163207495031749
163207516645343	163207533178051	163207517011645
163207527855186	163207541396176	163207528264926
163207557696593	163207574267530	163207558068989
163207561142114	163207582486540	163207561429926
163207577856749	163207590704926	163207578263155
163207598971957	163207615359822	163207599364093
163207611227686	163207623578623	163207611645707
163207640497426	163207656451436	163207640881905
163207644554770	163207664669248	163207644827270
163207661189614	163207672887998	163207661614926
163207691794770	163207705759353	163207692206020
163207694507426	163207713977946	163207694811176
163207723881176	163207738632217	163207724321020
163207727827843	163207746850029	163207728104718
163207744506957	163207755068415	163207744945499
163207765689926	163207779722426	163207766092999
163207777860707	163207796157999	163207778318155
163207807369613	163207820808728	163207807748936
163207811143988	163207829025238	163207811476176
163207827855238	163207845456332	163207828276957
163207848987218	163207861888571	163207849365499
163207861238207	163207878321852	163207861647113
163207890808363	163207902973311	163207891254145
163207894455968	163207911190499	163207895120655
163207911295238	163207927624665	163207911655863
163207941522686	163207952275759	163207941994874
163207944502113	163207960493415	163207944939561
163207973925395	163207985147061	163207974348624
163207977899926	163207993364873	163207978255551
163207994618051	163208009798051	163207995045343
163208015988468	163208026232634	163208016357738
163208027958780	163208042668415	163208028384770
163208057833311	163208075536227	163208058202582
163208061216332	163208083754822	163208061489457
163208077923988	163208091972581	163208078358155
163208099976905	163208116626696	163208100399093
163208111240030	163208124845394	163208111654874
163208141386488	163208157713832	163208141777843
163208144529561	163208165932634	163208144814249
163208161266905	163208174150082	163208161721488
163208183138832	163208198807270	163208183520551
163208194603936	163208207026801	163208195063780
163208225316749	163208239904040	163208225690238
163208227835082	163208248124613	163208228139301
163208244618363	163208256344509	163208245066488
163208267690707	163208280998676	163208268187270
163208277971957	163208289217321	163208278431020
163208294638051	163208305655654	163208295131332
163208317194145	163208330312269	163208317566280
163208327901592	163208338529457	163208328367895
163208344525030	163208354965133	163208345021124
163208366679457	163208379618415	163208367061436
163208377843051	163208396056800	163208378429874
163208394489145	163208412491956	163208395014249
163208416252842	163208428926540	163208416616644
163208427900967	163208445358571	163208428406280
163208444584717	163208461793467	163208445128207
163208468635082	163208486445706	163208469106644
163208477872269	163208494662737	163208479191019
163208494517530	163208511097998	163208495020863
163208517671332	163208535748727	163208518090863
163208527855238	163208543966956	163208528600238
163208544496124	163208560404144	163208545052999
163208567018780	163208585060238	163208567447582
163208577857269	163208593278571	163208578258467
163208594499144	163208609713571	163208595046957
163208615837842	163208626150290	163208616223051
163208627857842	163208642587529	163208628482530
163208644525238	163208659022373	163208645061332
163208665162738	163208683677216	163208665554561
163208677848155	163208691895602	163208678424301
163208694522426	163208708332894	163208695057738
163208714951436	163208732988102	163208715373467
163208727902374	163208741204769	163208728411332
163208760953051	163208774072738	163208761492686
163208761515186	163208782291124	163208761707269
163208777992426	163208790508414	163208778487842

