8333333
163221998856796	163222020368983	163221999133306
163222015535702	163222028584816	163222016080389
163222040366743	163222053234243	163222040736743
163222048875493	163222061450962	163222049331327
163222065541952	163222077884764	163222065986483
163222088233150	163222102532159	163222088593514
163222098900493	163222110748982	163222099454139
163222130994400	163222143612524	163222131522889
163222132162212	163222151828409	163222132486743
163222148935702	163222160044295	163222149411587
163222175893514	163222192908045	163222176274764
163222182300077	163222201124920	163222182633045
163222198988514	163222217556326	163222199468150
163222221145077	163222233988357	163222221502993
163222232279764	163222250418930	163222232679608
163222248961795	163222266847368	163222249386014
163222268146639	163222283278827	163222268534400
163222282284452	163222299709191	163222282683202
163222311293931	163222324353774	163222311670702
163222315572368	163222332569295	163222315861587
163222332273827	163222349000805	163222332741952
163222356675233	163222373648514	163222357055545
163222365621795	163222381866274	163222366348670
163222382318618	163222398302211	163222382720337
163222403958150	163222414736847	163222404354868
163222415595389	163222431171483	163222415995545
163222447700493	163222464035753	163222448089608
163222448834556	163222472251327	163222449136587
163222465629400	163222480466952	163222466082264
163222491805233	163222505116899	163222492258827
163222498882420	163222513333983	163222499255077
163222515701952	163222529767472	163222516195650
163222539073150	163222554416326	163222539444556
163222548994608	163222562633982	163222549468202
163222581213775	163222595499816	163222581596275
163222582181327	163222603717263	163222582476483
163222598961639	163222611934555	163222599376014
163222626055649	163222636585441	163222626568827
163222632280024	163222644801847	163222632762264
163222648947524	163222661236795	163222649367264
163222670180233	163222685888618	163222670560233
163222682310858	163222694106482	163222682735545
163222715242420	163222726971586	163222715707108
163222715808045	163222735188514	163222715939452
163222732412420	163222743404555	163222732892577
163222759634764	163222776267003	163222760011743
163222765656795	163222784483774	163222765989920
163222782420233	163222800915909	163222782946639
163222804613202	163222817347003	163222804999139
163222815757889	163222833777003	163222816235077
163222848691483	163222866640753	163222849066431
163222849126899	163222874856690	163222849225389
163222865722056	163222883074451	163222866777524
163222893342837	163222907727003	163222893718983
163222899102212	163222915942628	163222899383514
163222915821743	163222932375128	163222916314295
163222937709295	163222948807316	163222938089139
163222949128983	163222965240493	163222949541639
163222982017576	163222998105597	163222982375701
163222982383201	163223006323097	163222982495701
163222999160389	163223014539711	163222999656795
163223026612264	163223039190233	163223027108045
163223032411326	163223047406222	163223032789868
163223049151170	163223063837680	163223049649920
163223070748826	163223088483930	163223071121899
163223082474920	163223096698878	163223083050962
163223115364608	163223129560753	163223115894920
163223115931274	163223137776847	163223116103462
163223132564243	163223145992836	163223133037733
163223159111795	163223170637941	163223159483149
163223165818201	163223178854398	163223166278358
163223182540337	163223195285181	163223183007576
163223206149399	163223219932264	163223206566795
163223215854608	163223228146482	163223216300962
163223247241951	163223261008565	163223247613149
163223249185701	163223269223722	163223249507681
163223265865024	163223277440128	163223266334555
163223291191118	163223302087524	163223291644764
163223299221587	163223310303566	163223299576951
163223315898201	163223326735128	163223316319139
163223338002576	163223351386378	163223338364139
163223349220180	163223359603514	163223349665962
163223379254087	163223392471951	163223379824295
163223382532055	163223400687367	163223382799868
163223399209712	163223417117732	163223399711639
163223423332733	163223433547941	163223423697733
163223432557993	163223449980492	163223433131951
163223449218201	163223466413930	163223449806483
163223470747837	163223482845597	163223471128201
163223482571014	163223499277628	163223483124764
163223512117732	163223523926273	163223512489451
163223515950180	163223532142159	163223516795493
163223532657055	163223548573252	163223533205545
163223556106639	163223573221117	163223556421795
163223565950805	163223581437212	163223566239399
163223582649451	163223597867472	163223583173826
163223603416587	163223614295700	163223603797889
163223615991274	163223630724295	163223616477576
163223645172732	163223655368357	163223645539295
163223649253201	163223663583773	163223649634139
163223665983357	163223680012576	163223666498826
163223689670337	163223704655701	163223690176951
163223699310389	163223712869659	163223699832264
163223715983357	163223729299867	163223716532732
163223736145180	163223753950336	163223736502732
163223749302680	163223762166846	163223749812680
163223777395805	163223795030648	163223777906274
163223782616014	163223803246013	163223782973774
163223799302420	163223811462576	163223799792680
163223821328930	163223836114138	163223821692837
163223832644139	163223844329502	163223833164451
163223865543201	163223877191378	163223866070545
163223866176430	163223885406014	163223866325389
163223882695076	163223893620440	163223883193462
163223909531118	163223926480076	163223909898670
163223916032524	163223934696014	163223916353045
163223932692576	163223951126169	163223933323514
163223956861274	163223967557888	163223957397107
163223966034868	163223983991118	163223966616014
163223998154451	163224008640909	163223998547680
163223999303305	163224016858409	163223999598201
163224016100336	163224033293409	163224016512107
163224042064243	163224057944295	163224042427264
163224049360232	163224066159294	163224050463305
163224066109451	163224082589711	163224066518618
163224087879451	163224099019034	163224088260857
163224099454607	9223372036854775807	163224099859920

