8333333
163267014367560	163267028869017	163267014955789
163267036648966	163267053527246	163267037025528
163267047694903	163267061746673	163267048201101
163267064364591	163267078182820	163267064866153
163267087671466	163267102835736	163267088047560
163267097692351	163267111054642	163267098203289
163267114364278	163267127488653	163267114873028
163267135793028	163267152142090	163267136168653
163267147692976	163267160359487	163267148206622
163267164377507	163267176795580	163267164881153
163267184801726	163267201448757	163267185178653
163267197657403	163267209665424	163267198241622
163267229393185	163267242537976	163267229785320
163267230930528	163267250757507	163267231226778
163267247670997	163267258976361	163267248182091
163267277412716	163267291853497	163267277791466
163267280927716	163267300072455	163267281222872
163267297650164	163267308291466	163267298206310
163267324985841	163267341174069	163267325367664
163267330927872	163267349393497	163267331230007
163267347654382	163267365833392	163267348191570
163267372796882	163267390495059	163267373165216
163267381050997	163267398715320	163267381418966
163267397692195	163267415156257	163267398273497
163267420642351	163267431596517	163267421004382
163267431046466	163267448035684	163267431547091
163267447707716	163267464475059	163267448255007
163267471428341	163267489132559	163267471803028
163267481033132	163267497351414	163267481973966
163267497705841	163267513789955	163267498229903
163267519690997	163267530226881	163267520061570
163267531042351	163267546665684	163267531549278
163267547698184	163267563102299	163267548201153
163267567861778	163267579542767	163267568223497
163267581041622	163267595980892	163267581570216
163267612856414	163267628852195	163267613234591
163267614278341	163267637071569	163267614614539
163267631020528	163267645289069	163267631523497
163267660580997	163267678160632	163267660955841
163267664333601	163267686380268	163267664612976
163267681039070	163267694599226	163267681531570
163267708546466	163267719254226	163267708900059
163267714343601	163267727471517	163267714723914
163267731053341	163267743904694	163267731551882
163267756406257	163267768555215	163267756768809
163267764370164	163267776773444	163267764874747
163267781046934	163267793210423	163267781539747
163267803915372	163267817866622	163267804365841
163267814379122	163267826085892	163267814880320
163267831046309	163267842523027	163267831569122
163267854811309	163267867177038	163267855181570
163267864422507	163267875394121	163267864865684
163267881133341	163267891828809	163267881570372
163267901161153	163267916478236	163267901545684
163267914415945	163267924695059	163267914819070
163267946962403	163267965778496	163267947389903
163267947681466	163267973994798	163267948081257
163267964463966	163267982211829	163267964874591
163267994925684	163268006863600	163267995313288
163267997698028	163268015080892	163267997989695
163268014463601	163268031515424	163268014894538
163268042903913	163268056166308	163268043318653
163268047709695	163268064384277	163268048470215
163268064554278	163268080820996	163268064959278
163268091043653	163268105473028	163268091464695
163268097728965	163268113690684	163268097934434
163268114467351	163268130127454	163268114894070
163268139213497	163268154782038	163268139620997
163268147751257	163268163000267	163268148124590
163268164542872	163268179438965	163268164984434
163268188059226	163268204099069	163268188411153
163268197805059	163268212320006	163268198266726
163268214493340	163268228761933	163268214956257
163268236210840	163268253423392	163268236598497
163268247812038	163268261643913	163268248301413
163268264504747	163268278086048	163268264975320
163268287280788	163268302747298	163268287652559
163268297824851	163268310967663	163268298333340
163268314493809	163268327409017	163268314994226
163268335647195	163268352069121	163268336054590
163268347836622	163268360287038	163268348356309
163268364537872	163268376722871	163268364978965
163268384387247	163268401377871	163268384748340
163268397802507	163268409598183	163268398307247
163268429556257	163268442477090	163268429931570
163268430994382	163268450696673	163268431290684
163268447749538	163268458915528	163268448163965
163268477758601	163268491788131	163268478136934
163268481007663	163268500007819	163268481304903
163268497829851	163268508228861	163268498347090
163268525888809	163268541105319	163268526250840
163268531030215	163268549325007	163268531328444
163268547776257	163268565763912	163268548234903
163268574762819	163268590426152	163268575133028
163268581154538	163268598645528	163268581497819
163268597760007	163268615085527	163268598198184
163268623275059	163268639745215	163268623675632
163268631183340	163268647964954	163268631517403
163268647815319	163268664404122	163268648312872
163268672356153	163268689063860	163268672736413
163268681223601	163268697284121	163268681557038
163268697824434	163268713725266	163268698334590
163268720941413	163268738386256	163268721302559
163268731117559	163268746607611	163268731608496
163268747767871	163268763050266	163268748236726
163268769930476	163268787711829	163268770430371
163268781092715	163268795933131	163268781597871
163268797768757	163268812373183	163268798322663
163268821439226	163268837030371	163268821814121
163268831094278	163268845250475	163268831613809
163268847761413	163268861689121	163268848317819
163268870361621	163268886350215	163268870732403
163268881102976	163268894569954	163268881610319
163268897780059	163268911009277	163268898317715
163268918964434	163268935666726	163268919348184
163268931102871	163268943885528	163268931610996
163268964786569	163268976753600	163268965146934
163268965155476	163268984971673	163268965242559
163268981684226	163268993188132	163268982186465
163269012872715	163269026054954	163269013234590
163269014988809	163269034271881	163269015303184
163269031679538	163269042489590	163269032179121
163269060934226	163269075361412	163269061296621
163269064993809	163269083579173	163269065293601
163269081680996	163269100013548	163269082185319
163269108984226	163269124665839	163269109353028
163269115007559	9223372036854775807	163269115297194

