8333333
163257666002563	163257684445479	163257666551313
163257694683657	163257709101677	163257695117511
163257699234594	163257717319594	163257699588813
163257726453969	163257741972354	163257726874230
163257732605480	163257750191938	163257732958605
163257749243813	163257766631156	163257749740532
163257795052667	163257807725375	163257795520063
163257795506001	163257815944855	163257795615063
163257838184594	163257848820427	163257838648501
163257838389751	163257857040375	163257838655792
163257881079751	163257898131469	163257881647251
163257881267407	163257906349803	163257881654282
163257909541001	163257922784542	163257910003501
163257914640532	163257931001573	163257915465011
163257941819855	163257955655688	163257942182980
163257947969594	163257963873657	163257948590063
163257964713032	163257980310583	163257965228292
163258010485792	163258021401885	163258011001626
163258010777407	163258029620063	163258011009282
163258039170844	163258054272563	163258039722094
163258044093813	163258062490219	163258044529907
163258071298917	163258087142302	163258071660844
163258077379594	163258095361521	163258077756157
163258094061573	163258111797407	163258094602511
163258129714542	163258144666886	163258130204542
163258129940167	163258152885063	163258130229751
163258157734073	163258169319386	163258158104751
163258163269855	163258177538500	163258163634855
163258179959073	163258193975323	163258180328188
163258226594594	163258243284490	163258227100688
163258226817667	163258251504021	163258227118292
163258255280011	163258267939959	163258255826573
163258260260063	163258276157406	163258260735688
163258287271625	163258300809177	163258287654386
163258293567563	163258309026990	163258293892719
163258310286261	163258325460844	163258310823813
163258356204438	163258366543657	163258356740948
163258356554594	163258374760844	163258356802563
163258399344438	163258415842458	163258399876417
163258399603969	163258424060114	163258399896105
163258427857719	163258440494177	163258428323032
163258432985688	163258448710844	163258433293136
163258460127563	163258473358239	163258460537094
163258466287719	163258481574282	163258466664750
163258482984750	163258498007770	163258483482407
163258528486000	163258547319958	163258529034750
163258528890948	163258555537719	163258529049125
163258561193032	163258571971781	163258561729282
163258562029438	163258580189698	163258562410167
163258589172980	163258604842563	163258589549438
163258595413605	163258613060166	163258595692511
163258612144438	163258629493761	163258612682198
163258657491000	163258670581677	163258658010688
163258657713969	163258678799281	163258658018136
163258700646104	163258711666104	163258701154907
163258700851782	163258719883292	163258701206000
163258733070948	163258744535687	163258733531313
163258734177979	163258752753448	163258734539698
163258761016104	163258777406104	163258761398500
163258767649750	163258785623239	163258767989282
163258784270844	163258802058135	163258784687667
163258804797719	163258818491469	163258805173917
163258817631469	163258834926208	163258818028448
163258846322094	163258859578968	163258846691104
163258850881782	163258867796573	163258851548604
163258867646313	163258884232719	163258868087719
163258889796417	163258900666104	163258890171261
163258900982979	163258917099697	163258901407406
163258933520636	163258949970948	163258933903448
163258934214386	163258958190583	163258934539073
163258950963188	163258966409958	163258951382042
163258977119438	163258991066520	163258977489698
163258984325375	163258999284385	163258984737875
163259000974281	163259015720375	163259001383813
163259036688813	163259048582978	163259037114750
163259036927875	163259056799073	163259037121000
163259065135844	163259081449125	163259065490375
163259070260375	163259089665479	163259070590688
163259087018969	163259097881468	163259087507719
163259108954542	163259122532510	163259109347250
163259120390323	163259138969490	163259120864906
163259152457198	163259163627302	163259152822875
163259153574281	163259171847302	163259153873344
163259170366781	163259188283187	163259170868188
163259194925167	163259212936989	163259195339438
163259203705531	163259221154594	163259204095844
163259220572719	163259237592562	163259220933292
163259249138656	163259262248500	163259249660167
163259253681000	163259270467823	163259254960375
163259281229281	163259295123760	163259281608500
163259286981573	163259303341000	163259287540844
163259303722094	163259319776781	163259304150688
163259326232354	163259344434593	163259326589125
163259337141156	163259352654437	163259337454750
163259367704750	163259385528551	163259368080479
163259370319750	163259393746677	163259370610010
163259387063188	163259401965166	163259387555531
163259411189385	163259426624698	163259411693760
163259420466938	163259434844072	163259420935844
163259437139125	163259451281104	163259437605167
163259469172250	163259484157614	163259469657563
163259470342563	163259492376260	163259470694385
163259496939385	163259508816833	163259497315531
163259503733813	163259517038291	163259504153344
163259520472198	163259533478291	163259520963344
163259542120010	163259558134905	163259542496469
163259553794125	163259566352666	163259554265844
163259583146625	163259599229645	163259583540167
163259587040531	163259607449281	163259587323031
163259603736781	163259615670062	163259604255062
163259626163187	163259640328500	163259626647094
163259637048969	163259648548031	163259637540323
163259668911260	163259681426937	163259669268604
163259670321781	163259689647614	163259670608187
163259687071000	163259697866520	163259687622719
163259711713500	163259722525791	163259712097406
163259720399594	163259730745270	163259720906312
163259737048969	163259755402249	163259737555844
163259765258031	163259780058083	163259765827250
163259770325948	163259788277145	163259770679906
163259797432719	163259812934489	163259797815062
163259803656573	163259821153760	163259803952875
163259820337094	163259837592354	163259820858448
163259850614125	163259862251937	163259851129750
163259853737198	163259870473916	163259854083812
163259883043604	163259895135114	163259883563760
163259887068344	9223372036854775807	163259887834437

