8333333
163252677221628	163252687579023	163252677594596
163252681914857	163252695798450	163252682294857
163252698552878	163252712236627	163252699054284
163252721082044	163252736892721	163252721555326
163252731885951	163252745112669	163252732336003
163252764913607	163252777990065	163252765267721
163252765415690	163252786209908	163252765508815
163252781977096	163252794429439	163252782482669
163252809050690	163252827308085	163252809557409
163252815321732	163252835527877	163252815743971
163252832024857	163252843746783	163252832504700
163252853226263	163252868404075	163252853602721
163252865340221	163252876623294	163252865855221
163252897505482	163252909503866	163252898010378
163252898614596	163252917724388	163252898996315
163252915351575	163252925944335	163252915922565
163252941779753	163252958818867	163252942128659
163252948680169	163252967039804	163252949026419
163252965357877	163252983479856	163252965928919
163252989414440	163252999916992	163252989787825
163252998705065	163253016354961	163252999278346
163253030886002	163253049231887	163253031248138
163253031965221	163253057450689	163253032260065
163253048710065	163253065669387	163253049938815
163253075445846	163253090328658	163253075950638
163253082022409	163253098549752	163253082713034
163253098711159	163253114991106	163253099228659
163253122639232	163253139652147	163253123007721
163253132125169	163253147871314	163253132421315
163253164306784	163253180745221	163253164682877
163253165369127	163253188963658	163253165648138
163253182025690	163253197181627	163253182374127
163253208285534	163253221837252	163253208671627
163253215344440	163253230054595	163253215875377
163253232040377	163253246491835	163253232536627
163253255859752	163253271145585	163253256247877
163253265356784	163253279363033	163253265891159
163253297542252	163253312239335	163253298104440
163253298689857	163253320458762	163253299060534
163253315423815	163253328679075	163253315961002
163253341653346	163253353337095	163253342035065
163253348785065	163253361555897	163253349189857
163253365514440	163253377996002	163253365922721
163253387559752	163253402653450	163253387930846
163253398821627	163253410874075	163253399233034
163253429978763	163253443750898	163253430353138
163253432090534	163253451970325	163253432381263
163253448807409	163253460188606	163253449222877
163253474331315	163253484844492	163253474702200
163253482107721	163253493064075	163253482486627
163253498842825	163253509502460	163253499239856
163253520871315	163253534160481	163253521242669
163253532194127	163253550600273	163253532616419
163253563480950	163253575261053	163253563882356
163253565370690	163253583479335	163253565672565
163253582123606	163253599916887	163253582547252
163253608070169	163253624574231	163253608422096
163253615493919	163253632793346	163253615842565
163253632226471	163253649230325	163253632668971
163253655958346	163253673887981	163253656347252
163253665482356	163253682107147	163253665911002
163253697698658	163253714979700	163253698080377
163253698733450	163253723198606	163253699014231
163253715461315	163253731417512	163253715744908
163253742273033	163253756073971	163253742653658
163253748832408	163253764292617	163253749258502
163253765566002	163253780730221	163253766022565
163253786830690	163253797167304	163253787247669
163253798890377	163253813605950	163253799354283
163253831227669	163253846487200	163253831600690
163253832058606	163253854707043	163253832358502
163253848820533	163253862926366	163253849243190
163253875900638	163253887584908	163253876355638
163253882119700	163253895804804	163253882473971
163253898807565	163253912245845	163253899252408
163253920298606	163253936905533	163253920677200
163253932209127	163253945124543	163253932651471
163253964550794	163253978001314	163253964912096
163253965421158	163253986219648	163253965717565
163253982206888	163253994439179	163253982642200
163254008646627	163254019096887	163254009029752
163254015539440	163254027315897	163254015999596
163254032284596	163254043752095	163254032703033
163254054620638	163254068406835	163254054990481
163254065571419	163254076625637	163254066011419
163254097204387	163254109498606	163254097613971
163254098781783	163254117715690	163254099073658
163254115530533	163254134152564	163254115975846
163254141506783	163254158805220	163254141897565
163254148905533	163254167022512	163254149295846
163254165564231	163254183457981	163254166060533
163254189200325	163254199894595	163254189658606
163254198901471	163254216330064	163254199405169
163254230366575	163254249203241	163254230735533
163254232139283	163254257421783	163254232432721
163254248886627	163254265639595	163254249787512
163254274605846	163254290293554	163254275122981
163254282197669	163254298511939	163254282791262
163254298892564	163254314946730	163254299411158
163254321587669	163254339599960	163254321951158
163254332262877	163254347817928	163254332582564
163254362897096	163254380687095	163254363412564
163254365531262	163254388905897	163254365811627
163254382213450	163254397123814	163254382725325
163254406733189	163254421778709	163254407098971
163254415560221	163254429996626	163254416076783
163254432228033	163254446435168	163254432737408
163254453759439	163254471094178	163254454117877
163254465563762	163254479313970	163254466060377
163254494585064	163254512194126	163254494958502
163254498863189	163254520414491	163254499188919
163254515547564	163254528634751	163254516144231
163254538359544	163254553288397	163254538863762
163254548956627	163254561507043	163254549471106
163254581933189	163254594379752	163254582318814
163254582348346	163254602598814	163254582455689
163254598948189	163254610817980	163254599451627
163254625570794	163254643693501	163254626081783
163254632268971	163254651911679	163254632632877
163254648958814	163254660128918	163254649461106
163254671930481	163254684781001	163254672310533
163254682309596	163254692998501	163254682820637
163254712541471	163254725867512	163254712885012
163254715597096	163254734086678	163254715871575
163254732290637	163254750526418	163254732820533
163254756159127	163254766966522	163254756559752
163254765621939	9223372036854775807	163254766123658

