window ticks 1984->2565 wall 22.62 s (units: 10 ms per state)
--- cpu0 freq_Hz delta_10ms
384000 0
556800 0
748800 0
960000 0
1152000 0
1363200 0
1555200 0
1785600 524
1996800 40
2227200 16
2400000 11
2745600 8
2918400 3
3072000 1
3321600 2
3532800 1658
--- cpu1 freq_Hz delta_10ms
384000 0
556800 0
748800 0
960000 0
1152000 0
1363200 0
1555200 0
1785600 526
1996800 41
2227200 16
2400000 11
2745600 8
2918400 3
3072000 1
3321600 2
3532800 1655
--- cpu2 freq_Hz delta_10ms
384000 0
556800 0
748800 0
960000 0
1152000 0
1363200 0
1555200 0
1785600 529
1996800 42
2227200 16
2400000 11
2745600 8
2918400 3
3072000 1
3321600 2
3532800 1651
--- cpu3 freq_Hz delta_10ms
384000 0
556800 0
748800 0
960000 0
1152000 0
1363200 0
1555200 0
1785600 532
1996800 43
2227200 16
2400000 11
2745600 8
2918400 3
3072000 1
3321600 2
3532800 1648
--- cpu4 freq_Hz delta_10ms
384000 0
556800 0
748800 0
960000 0
1152000 0
1363200 0
1555200 0
1785600 535
1996800 43
2227200 16
2400000 11
2745600 8
2918400 3
3072000 1
3321600 2
3532800 1645
--- cpu5 freq_Hz delta_10ms
384000 0
556800 0
748800 0
960000 0
1152000 0
1363200 0
1555200 0
1785600 538
1996800 43
2227200 17
2400000 11
2745600 8
2918400 3
3072000 1
3321600 2
3532800 1641
--- cpu6 freq_Hz delta_10ms
1017600 0
1209600 0
1401600 0
1689600 0
1958400 0
2246400 114
2438400 17
2649600 36
2841600 38
3072000 27
3283200 26
3513600 45
3801600 680
4089600 544
4204800 104
4320000 632
--- cpu7 freq_Hz delta_10ms
1017600 0
1209600 0
1401600 0
1689600 0
1958400 0
2246400 114
2438400 18
2649600 36
2841600 38
3072000 28
3283200 26
3513600 45
3801600 679
4089600 543
4204800 104
4320000 633
gpu_freqs: 1100000000 1050000000 967000000 900000000 832000000 734000000 660000000 607000000 525000000 443000000 389000000 342000000 222000000 160000000
gpu_clock_stats_delta: 0 0 0 0 0 0 13497462 0 0 0 0 0 0 0
