8333333
185232529460951	185232549087721	185232529852878
185232584156472	185232598372930	185232584642983
185232584339389	185232606588503	185232584647410
185232633527878	185232647667409	185232634025535
185232633688660	185232655882669	185232634030483
185232681641420	185232696957409	185232682152357
185232681774597	185232705172097	185232682167045
185232735802722	185232754461940	185232736305639
185232736053191	185232762677045	185232736338191
185232785466889	185232795536264	185232785976889
185232785635014	185232803752357	185232785981576
185232833105482	185232844829441	185232833577357
185232833220795	185232853045586	185232833584701
185232887481316	185232902338034	185232887935951
185232887605066	185232910554857	185232887944857
185232936972982	185232951635534	185232937434284
185232937096628	185232959851316	185232937437982
185232986926316	185233000924075	185232987388347
185232987046159	185233009137617	185232987400847
185233038969441	185233050216576	185233039472670
185233039119857	185233058432096	185233039521941
185233088779128	185233107726367	185233089300847
185233088916941	185233115943971	185233089305066
185233138387253	185233148809336	185233138898347
185233138556107	185233157024961	185233138972409
185233192273295	185233206319909	185233192731420
185233192478191	185233214535118	185233192800534
185233240681316	185233255617618	185233241191472
185233240824284	185233263834179	185233241206264
185233290965691	185233304919493	185233291470534
185233291107253	185233313136576	185233291475066
185233343308607	185233354219128	185233343805534
185233343458607	185233362436263	185233343809753
185233392735534	185233403522201	185233393262722
185233392878763	185233411739232	185233393270847
185233442612722	185233461041732	185233443126472
185233442751576	185233469258867	185233443160013
185233495478659	185233510344388	185233495995638
185233495621003	185233518560638	185233496036888
185233544949128	185233559642513	185233545456940
185233545178138	185233567859596	185233545474597
185233594611576	185233608939127	185233595111472
185233594750065	185233617154128	185233595179753
185233647041576	185233658234752	185233647563190
185233647188503	185233666451315	185233647568972
185233696735378	185233707537929	185233697225690
185233696958972	185233715755846	185233697230690
185233746405690	185233765059336	185233746890951
185233746551003	185233773276576	185233746925638
185233799360690	185233814363294	185233799863659
185233799504076	185233822580898	185233799876420
185233848464597	185233863669701	185233848982409
185233848605065	185233871886576	185233849005534
185233899006940	185233912976107	185233899600065
185233899164076	185233921192877	185233899621628
185233951596940	185233970495325	185233952129284
185233951779128	185233978712044	185233952145482
185233998061628	185234011579856	185233998573347
185233998187409	185234019796628	185233998633190
185234050510326	185234069103346	185234050995378
185234050670794	185234077321054	185234051011940
185234103051263	185234118406836	185234103515378
185234103212826	185234126624752	185234103535534
185234152599440	185234167713294	185234153070065
185234152729440	185234175932409	185234153081107
185234201874909	185234217022616	185234202344440
185234201999857	185234225238658	185234202348659
185234250405065	185234266320065	185234250875013
185234250572878	185234274535898	185234250884128
185234303702721	185234315621575	185234304158346
185234303832201	185234323838867	185234304170846
185234353075169	185234364922825	185234353591576
185234353211315	185234373139752	185234353596628
185234402497721	185234414225377	185234402985794
185234402634284	185234422443086	185234402989753
185234455376628	185234471750429	185234455857982
185234455597565	185234479967096	185234455925221
185234504807513	185234521048919	185234505312826
185234504939440	185234529265481	185234505376003
185234554478919	185234570349700	185234554984857
185234554612878	185234578566262	185234555014753
185234603750534	185234619647304	185234604258503
185234603978190	185234627864075	185234604269128
185234656283034	185234668951315	185234656801940
185234656414232	185234677168294	185234656819440
185234705581732	185234718257564	185234706091784
185234705719753	185234726475533	185234706105065
185234754692096	185234767565637	185234755199753
185234754831888	185234775783137	185234755213763
185234807548450	185234825083711	185234808082825
185234807737253	185234833302096	185234808099753
185234856670221	185234874389231	185234857181002
185234856809440	185234882606731	185234857218502
185234906602200	185234923689284	185234907107721
185234906748659	185234931906783	185234907112044
185234955266107	185234972992096	185234955756002
185234955412877	185234981208971	185234955791159
185235008449440	185235022290272	185235008945377
185235008592982	185235030506158	185235008977096
185235056230169	185235071589335	185235056748659
185235056355690	185235079805690	185235056778190
185235107251627	185235120890273	185235107760846
185235107397044	185235129106731	185235107794440
185235159115794	185235170187981	185235159611784
185235159358138	185235178406158	185235159677825
185235208791575	185235227714075	185235209403919
185235208930846	185235235932043	185235209414857
185235257569909	185235268807668	185235258092200
185235257700638	185235277027356	185235258126627
185235305667721	185235318122616	185235306173659
185235305844856	185235326341054	185235306178450
185235359299075	185235375649595	185235359784909
185235359434856	185235383868502	185235359812356
185235408441731	185235424956679	185235408936471
185235408608763	185235433174544	185235408963190
185235457737200	185235474258815	185235458241784
185235457929752	185235482476887	185235458247252
185235506304596	185235523563137	185235506790013
185235506560690	185235531781315	185235506810690
185235555646888	185235572873605	185235556163815
185235555794283	185235581091210	185235556225065
185235608150065	185235622178085	185235608664700
185235608294856	185235630393970	185235608697565
185235657255013	185235671479543	185235657763033
185235657408815	185235679697148	185235657768190
185235706331783	185235720785116	185235706829283
185235706469908	185235729003502	185235706895950

