POLL t=10.5 tick=600
8333333
446728058902550	446728084134268	446728059005415
446728103857134	446728117012498	446728104225727
446728108520102	446728125233435	446728108933175
446728151063019	446728166337081	446728151455571
446728155470259	446728174559269	446728155859009
446728198268852	446728215661092	446728198671456
446728202588800	446728223880831	446728202977134
446728237756040	446728248540050	446728238186300
446728237943227	446728256759425	446728238196509
446728284841769	446728297866977	446728285237081
446728289771040	446728306087914	446728290463019
446728332443071	446728347188331	446728332840883
446728336952133	446728355408591	446728337342133
446728374973175	446728388292133	446728375410206
446728375307238	446728396511351	446728375417081
446728420120415	446728437612081	446728420577550
446728424633071	446728445832446	446728425028071
446728468488383	446728478713852	446728468905050
446728474006821	446728486932862	446728474235675
446728515458956	446728528033852	446728515870258
446728520441456	446728536255727	446728521637133
446728553799738	446728569139841	446728554198227
446728553965571	446728577360154	446728554202602
446728600928019	446728618447341	446728601330415
446728605481821	446728626665935	446728605935831
446728648928071	446728659538903	446728649335519
446728654379008	446728667758174	446728654788696
446728687190258	446728700630362	446728687517446
446728687538800	446728708849060	446728687650883
446728734941977	446728749938330	446728735363487
446728739467446	446728758156248	446728739896352
446728781680571	446728799245205	446728782063852
446728786129633	446728807463695	446728786535727
446728820552915	446728832119425	446728820950258
446728820790102	446728840337549	446728820959737
446728867354946	446728881424841	446728867761977
446728872379477	446728889643071	446728872814008
446728914313019	446728930730414	446728914723696
446728919099165	446728938948018	446728919487133
446728952920987	446728963598279	446728953325727
446728953256925	446728971816039	446728953333071
446728999712394	446729012907445	446729000107602
446729004369633	446729021126352	446729005558071
446729047078331	446729062220309	446729047462914
446729051923227	446729070439633	446729052296144
446729085460102	446729103317394	446729085876196
446729085671196	446729111536820	446729085881508
446729133810050	446729144411872	446729134191196
446729138920571	446729152630778	446729139313956
446729180506664	446729193728695	446729180920987
446729185225362	446729201949269	446729186414321
446729218772706	446729234828070	446729219202758
446729219074946	446729243048487	446729219213071
446729265284112	446729284144893	446729265686300
446729269656508	446729292365257	446729270039164
446729304584477	446729317026716	446729304981821
446729304995571	446729325247862	446729305076196
446729351851612	446729366351924	446729352229008
446729356084321	446729374573383	446729356453539
446729399181352	446729415673852	446729399621508
446729403711925	446729423893799	446729404103539
446729438055258	446729448553955	446729438510102
446729438217758	446729456774321	446729438528071
446729484904164	446729497869111	446729485286352
446729489909477	446729506088538	446729490601039
446729532189112	446729547177654	446729532595362
446729536791508	446729555396091	446729537202550
446729570440206	446729588268330	446729570862289
446729570779633	446729596487132	446729570867758
446729618426300	446729629359007	446729618855675
446729624186925	446729637577809	446729624601039
446729665177602	446729678668747	446729665572133
446729670173852	446729686887861	446729670614008
446729703427445	446729719766768	446729703797445
446729703728695	446729727987392	446729703828852
446729750481143	446729769085414	446729750881508
446729754942133	446729777304737	446729755321664
446729798408070	446729810183278	446729798776768
446729802855883	446729818402028	446729803380362
446729837256352	446729851281560	446729837545102
446729837634320	446729859502653	446729837724633
446729884046143	446729900606195	446729884381977
446729888423227	446729908826455	446729888810831
446729930583539	446729941707029	446729930927445
446729935103487	446729949927549	446729935585102
446729968835258	446729982804477	446729969137237
446729969215102	446729991023122	446729969309164
446730015601768	446730032120882	446730015995570
446730019902758	446730040340830	446730020290518
446730053793956	446730064999736	446730054200258
446730054013070	446730073218278	446730054212237
446730100687237	446730114312132	446730101068487
446730106917706	446730122531560	446730107220883
446730147963539	446730163627445	446730148322862
446730152331612	446730171846507	446730152708018
446730186420102	446730204716560	446730186846456
446730186715831	446730212934216	446730186850414
446730236577289	446730254026038	446730236993695
446730241197289	446730262244633	446730241604737
446730286843695	446730303341247	446730287239945
446730291293226	446730311561872	446730291695258
446730338499945	446730352654684	446730338905570
446730343500414	446730360872445	446730343931299
446730390560987	446730401960674	446730390950726
446730395298851	446730410180413	446730395594633
446730444167549	446730459490570	446730444544945
446730448615518	446730467709007	446730449019581
446730495413539	446730508803903	446730495793695
446730504096351	446730517021872	446730504413799
446730543375518	446730558116455	446730543767081
446730543650831	446730566335049	446730543771351
446730609007862	446730623862028	446730609380674
446730613446508	446730632080518	446730613846195
446730676941612	446730689623122	446730677329580
446730682059164	446730697843382	446730682364476
446730740620987	446730755377601	446730741007237
446730748103018	446730763597705	446730748538383
446730794283018	446730812916195	446730794677133
446730794453695	446730821137340	446730794721195
446730827101924	446730837582184	446730827486143
446730827906820	446730845803121	446730828215518
446730899718695	446730911562601	446730900117601
446730900134945	446730919783174	446730900248695
446730974799893	446730985536664	446730975250674
446730975167132	446730993754632	446730975266455
446731048260101	446731059503226	446731048633382
446731054002914	446731067722913	446731054399476

POLL t=22.5 tick=1040
8333333
446738987467859	446738998297076	446738987867286
446739032181973	446739047609212	446739032562598
446739032368171	446739055828067	446739032600202
446739121353223	446739138015514	446739121760046
446739127387129	446739146234160	446739127758223
446739183798692	446739195547702	446739184186817
446739196185046	446739211985670	446739196560411
446739227460567	446739244865566	446739227882129
446739232154629	446739253085775	446739232557546
446739290932286	446739302399941	446739291291608
446739303997286	446739318835098	446739304404786
446739328080983	446739343490358	446739328476348
446739340784629	446739351707128	446739341179577
446739370723067	446739384577806	446739371229942
446739375550358	446739392796608	446739376101348
446739439199785	446739450327077	446739439599004
446739444743379	446739458544107	446739445130723
446739496671817	446739507852285	446739497080723
446739496908067	446739516070097	446739497131348
446739582900879	446739598259525	446739583305671
446739587824785	446739606479212	446739588219473
446739655989577	446739672234316	446739656413796
446739660751973	446739680454004	446739661167442
446739716966660	446739729772389	446739717415046
446739717332754	446739737992441	446739717420567
446739806198535	446739820181192	446739806575254
446739806616504	446739828399056	446739806720983
446739889566035	446739902358587	446739889988483
446739900157858	446739910575618	446739900576817
446739936057129	446739951664681	446739936475983
446739936350098	446739959883379	446739936522910
446740023516348	446740042064264	446740023907233
446740028350202	446740050281972	446740028783327
446740098119785	446740116029003	446740098497910
446740102882910	446740124247649	446740103293691
446740164571504	446740181776035	446740164946348
446740178176191	446740189993847	446740178571608
446740197859629	446740214647910	446740198237441
446740198251504	446740222866555	446740198363327
446740285644733	446740296826243	446740286078848
446740285910514	446740305042962	446740286082598
446740363025358	446740378994941	446740363439421
446740363245410	446740387213951	446740363484004
446740445132598	446740461172545	446740445541816
446740452052858	446740469391712	446740452444941
446740489844941	446740502263952	446740490301816
446740490054473	446740510480878	446740490312754
446740549907754	446740568007910	446740550298691
446740553713535	446740576226868	446740554123014
446740602762441	446740617315254	446740603155670
446740606484629	446740625532805	446740606850983
446740648958223	446740666619681	446740649338795
446740656922858	446740674837805	446740657341035
446740691888848	446740707707961	446740692257389
446740695612754	446740715925097	446740695988223
446740742594629	446740757009055	446740742997129
446740743103066	446740765226243	446740743178847
446740793923639	446740806314732	446740794366191
446740794314733	446740814534160	446740794366816
446740829414472	446740847408274	446740829824160
446740829679472	446740855629108	446740829828639
446740894272858	446740904938379	446740894645045
446740899923691	446740913156608	446740900272077
446740942679629	446740954246712	446740943066504
446740942890410	446740962464993	446740943103535
446741012314160	446741028197701	446741012698639
446741017342129	446741036416243	446741017700254
446741068974316	446741085723847	446741069359629
446741080444629	446741093943170	446741080808535
446741109337233	446741126816555	446741109745670
446741109547702	446741135034315	446741109749629
446741183380670	446741200773691	446741183791191
446741183575045	446741208991399	446741183802441
446741261495045	446741274728690	446741261841660
446741268264785	446741282947129	446741268722076
446741306493170	446741324037441	446741306906295
446741310451608	446741332255722	446741310847441
446741362345097	446741373351399	446741362756608
446741362579576	446741381569888	446741362761191
446741428535410	446741447330461	446741428916972
446741432541920	446741455549732	446741432900097
446741482908066	446741496647753	446741483286816
446741493941764	446741504868743	446741494329472
446741522460201	446741537750097	446741522902910
446741522647389	446741545970201	446741522906972
446741596188326	446741611729889	446741596577128
446741600859472	446741619949732	446741601258535
446741652943847	446741669263482	446741653319003
446741664318066	446741677483482	446741664767441
446741694726295	446741710357023	446741695133795
446741694921503	446741718573847	446741695145566
446741768395566	446741784320722	446741768766816
446741772927597	446741792541816	446741773316920
446741824983222	446741841862752	446741825382128
446741836869264	446741850081816	446741837251972
446741864850566	446741882962180	446741865229107
446741869142857	446741891180409	446741869554732
446741918833847	446741932269732	446741919152701
446741919306920	446741940486503	446741919389316
446741987108951	446741998014575	446741987516503
446741998830357	446742014451763	446741999188222
446742028226660	446742039108795	446742028600253
446742033233378	446742047327909	446742033716503
446742080989264	446742096642076	446742081485253
446742081177701	446742104860304	446742081489889
446742145061972	446742162391347	446742145494889
446742145422545	446742170611347	446742145496191
446742210392545	446742228154315	446742210789159
446742210804732	446742236375565	446742210919420
446742275369003	446742293918899	446742275797753
446742275741139	446742302139264	446742275802545
446742339452232	446742351455461	446742339867597
446742339812441	446742359675149	446742339868378
446742406205201	446742417208377	446742406629003
446742406483691	446742425427961	446742406641607
446742469937597	446742482950877	446742470359888
446742470249576	446742491168117	446742470371972
446742533658066	446742548690096	446742534053951
446742533909576	446742556907127	446742534065409
446742600940513	446742614435826	446742601337441
446742607263378	446742622655930	446742607552753
446742657417909	446742671969524	446742657807441
446742657639472	446742680188794	446742657812909
446742727166815	446742745941086	446742727581190
446742727459420	446742754159888	446742727586763
446742809218690	446742828127232	446742809646972
446742814124940	446742836346451	446742814528222

POLL t=34.3 tick=1585
8333333
446752529580249	446752557967280	446752543800249
446752563488687	446752574406186	446752563904468
446752563695093	446752582626030	446752563908687
446752580434468	446752590844728	446752580831343
446752597127905	446752607282071	446752597499780
446752613802124	446752631936499	446752614187280
446752630484260	446752648371655	446752630856343
446752647122437	446752681243426	446752663284468
446752663754780	446752689463061	446752663843530
446752702089155	446752714119519	446752702519937
446752702425041	446752722338842	446752702532541
446752719107853	446752730557905	446752719486030
446752735793843	446752746994832	446752736158166
446752752389728	446752763433998	446752752764937
446752769073062	446752796303373	446752779064937
446752803277385	446752820953218	446752803690093
446752803453687	446752829171030	446752803694728
446752820284312	446752837389728	446752820699312
446752836946499	446752853824103	446752837334468
446752853580405	446752870257853	446752853972749
446752870260562	446752886695665	446752870641603
446752886940822	446752919571290	446752902476187
446752903581812	446752927791238	446752903865093
446752942621760	446752960662436	446752942889103
446752943026655	446752968880144	446752943113687
446752959860822	446752977098582	446752960280249
446752976485353	446752993535092	446752976874259
446752993165874	446753026405457	446753015026499
446753009828478	446753034623426	446753015048687
446753043585405	446753059276134	446753044054155
446753043793530	446753067493686	446753044067593
446753060500509	446753075710822	446753060871343
446753077267853	446753092146342	446753077618843
446753093943218	446753108583947	446753094331968
446753110628999	446753125020300	446753111009624
446753127238843	446753157885353	446753142118374
446753143848999	446753166102488	446753144129468
446753183117853	446753198967800	446753183502905
446753183405093	446753207183999	446753183548686
446753200101811	446753215400144	446753200471811
446753216746030	446753231831394	446753217130353
446753233409936	446753248262436	446753233784311
446753250094624	446753272908894	446753260778530
446753283186499	446753297556498	446753283656343
446753283373999	446753305772332	446753283668530
446753300227853	446753313987124	446753300590249
446753316814311	446753330419311	446753317189416
446753333444624	446753346850457	446753333838530
446753350190822	446753363282905	446753350576759
446753366750561	446753396148999	446753384667905
446753383469728	446753404363894	446753384695561
446753417787280	446753429010665	446753418193530
446753418079468	446753437226967	446753418205353
446753434812905	446753445443217	446753435200041
446753451434103	446753461876342	446753451808166
446753468110978	446753478307593	446753468498478
446753484825093	446753511172905	446753496239728
446753518758634	446753535823529	446753519153686
446753519077905	446753544041030	446753519165249
446753535693061	446753552257332	446753536678634
446753552442905	446753568691863	446753552819624
446753569054572	446753585126602	446753569430041
446753585735978	446753601561134	446753586105978
446753602420822	446753634429884	446753618372124
446753619059468	446753642646394	446753619356447
446753657442280	446753675512853	446753657842697
446753657733634	446753683729571	446753657854468
446753674538947	446753691946290	446753674924155
446753691074415	446753708381238	446753691487593
446753707821499	446753724814832	446753708226811
446753724461811	446753749462436	446753737185978
446753757997384	446753774109936	446753758408061
446753758170353	446753782326968	446753758411186
446753774926447	446753790543321	446753775141186
446753791672124	446753806975353	446753792063374
446753808332593	446753823405873	446753808707540
446753825027593	446753864484727	446753847806811
446753841686499	446753872700248	446753847887124
446753876972905	446753889131499	446753877406290
446753877224780	446753897347592	446753877412072
446753894005249	446753905565301	446753894392436
446753910686655	446753921999727	446753911045353
446753927315249	446753938431394	446753927669311
446753943977436	446753954864102	446753944347592
446753960678165	446753987736759	446753978194780
446753977381811	446753995954623	446753978275561
446754011739311	446754028824571	446754012109259
446754012048061	446754037041342	446754012113842
446754028732592	446754045258061	446754029132280
446754045443530	446754061692124	446754045829728
446754062130249	446754078127071	446754062524415
446754078836134	446754110997801	446754094959467
446754095417124	446754119214728	446754095460978
446754130385509	446754143864675	446754130802436
446754130739155	446754152082957	446754130803061
446754147424103	446754160301499	446754147824936
446754164151915	446754176735769	446754164533374
446754180742749	446754193169415	446754181119936
446754197395353	446754226032644	446754211242280
446754232279936	446754250680144	446754232716447
446754232510874	446754258897019	446754232720561
446754249345874	446754267113425	446754249721967
446754265921290	446754283546081	446754266348530
446754282527228	446754299979050	446754282911811
446754299294259	446754316414103	446754299712280
446754316084571	446754349282800	446754331390405
446754332623061	446754357498946	446754332941499
446754372303686	446754390362800	446754372725092
446754372555561	446754398579051	446754372728946
446754389322384	446754406794623	446754389714936
446754405962749	446754423228790	446754406350978
446754422583165	446754439663530	446754422954780
446754439305561	446754464312904	446754451412749
446754473657280	446754488965717	446754474058321
446754473847853	446754497182852	446754474108009
446754490621655	446754505400248	446754490993009
446754507287748	446754521833529	446754507671967
446754523942384	446754538266237	446754524324467
446754540653946	446754554698842	446754541026655
446754557314311	446754587564050	446754571976759
446754573969623	446754595780508	446754574235353
446754613974311	446754628646342	446754614392436
446754614424311	446754636862956	446754614545873
446754630960248	446754645080352	446754631334155
446754647596967	446754661513582	446754647976290
446754664293217	446754677948269	446754664670561
446754680973321	9223372036854775807	446754691559780

POLL t=46.4 tick=1719
8333333
446764753370349	446764776913994	446764753486130
446764770047901	446764785131911	446764770423474
446764786712276	446764801566703	446764787098838
446764803442432	446764818005921	446764803838474
446764820148161	446764859097536	446764843001338
446764836783995	446764867314255	446764843061286
446764871001963	446764883748004	446764871422432
446764871200401	446764891965505	446764871431651
446764887972692	446764900182484	446764888372588
446764904691026	446764916617952	446764905063942
446764921317067	446764933053213	446764921686755
446764938014099	446764949489255	446764938388682
446764954679307	446764990577015	446764974539307
446764971401651	446764998794932	446764974583005
446765005400661	446765023449776	446765005802849
446765005641963	446765031667848	446765005852849
446765022403526	446765039886129	446765022851442
446765039096911	446765056321911	446765039484151
446765055730974	446765072756598	446765056114151
446765072346494	446765089190973	446765072735974
446765089017119	446765122066077	446765109328369
446765105763630	446765130286494	446765109335817
446765139205192	446765154944202	446765139648369
446765139390401	446765163164098	446765139654776
446765156203057	446765171384307	446765156557276
446765172856911	446765187822848	446765173237536
446765189532119	446765204262744	446765189932380
446765206255713	446765220701806	446765206630661
446765222882432	446765253578941	446765242523994
446765239528369	446765261798994	446765242529463
446765273027432	446765286458630	446765273483369
446765273393057	446765294677796	446765273488838
446765290054411	446765302897692	446765290420192
446765306697119	446765319335505	446765307068161
446765323325817	446765335771233	446765323701286
446765340171651	446765352208056	446765340418994
446765356699411	446765393295713	446765382213213
446765373425401	446765401514463	446765382270869
446765407793838	446765426170817	446765408255348
446765408167119	446765434389619	446765408259463
446765424808213	446765442608942	446765425197588
446765441474567	446765459047171	446765441841963
446765458124619	446765475483681	446765458499151
446765474800713	446765491922171	446765475170088
446765491531130	446765508361233	446765491961755
446765508233369	446765541236182	446765528646755
446765524781651	446765549454984	446765528694776
446765558454619	446765574111442	446765558876494
446765558627432	446765582331338	446765558927432
446765575388057	446765590551078	446765575770348
446765592125661	446765606990556	446765592492067
446765608711494	446765623428681	446765609104619
446765625404567	446765639866702	446765625786442
446765642108005	446765680958577	446765664179880
446765658800557	446765689178265	446765664226650
446765693769411	446765705615452	446765694198005
446765693933317	446765713834097	446765694204567
446765710724463	446765722052379	446765711105505
446765727456442	446765738493004	446765727822900
446765744100244	446765754931025	446765744494775
446765760779775	446765771365452	446765761156755
446765777402275	446765812451858	446765797377588
446765794054411	446765820670452	446765797389255
446765828768317	446765845324723	446765829204463
446765829293213	446765853542066	446765829391182
446765845744619	446765861761338	446765846215557
446765862392380	446765878196234	446765862772223
446765879042432	446765894632796	446765879426025
446765895770713	446765911070817	446765896152275
446765912434775	446765943944463	446765932540400
446765929153213	446765952163473	446765932556494
446765962648161	446765976820921	446765963082380
446765962879880	446765985040348	446765963110817
446765979645817	446765993259307	446765980084619
446765996361650	446766009696806	446765996739307
446766012990869	446766026135348	446766013370661
446766029637067	446766042574827	446766030013630
446766046319150	446766075451025	446766064501494
446766063042692	446766083670035	446766064579254
446766097323317	446766108327379	446766097766338
446766097567588	446766116545557	446766097771182
446766114348786	446766132980295	446766114726963
446766131008525	446766149418577	446766131374098
446766147725661	446766165855348	446766148098004
446766164356911	446766182291494	446766164744567
446766181044932	446766215162692	446766203949150
446766197770088	446766223380504	446766203975192
446766234289307	446766248033785	446766234720869
446766234563213	446766256251754	446766234724775
446766251325088	446766264469619	446766251727588
446766268049932	446766280907171	446766268439150
446766284650817	446766297345973	446766285023994
446766301335869	446766313781181	446766301718213
446766318064567	446766354872431	446766342123056
446766334724775	446766363091337	446766342159931
446766369287848	446766387747223	446766369755088
446766369644775	446766395965712	446766369760088
446766386291963	446766404183941	446766386672744
446766402940036	446766420619879	446766403316963
446766419666338	446766437055191	446766420093161
446766436316181	446766453490191	446766436696286
446766452985661	446766494574983	446766477590244
446766469626650	446766502792431	446766477599879
446766503833317	446766519226389	446766504251494
446766504039411	446766527443837	446766504270088
446766520812067	446766535661181	446766521199879
446766537528161	446766552094306	446766537892067
446766554161963	446766568530035	446766554571181
446766570816338	446766584961754	446766571178838
446766587538681	446766626044097	446766611035400
446766604295869	446766634261702	446766611062223
446766638242223	446766650696493	446766638667588
446766638478681	446766658912639	446766638677588
446766655200713	446766667128577	446766655587536
446766671913369	446766683560139	446766672289306
446766688596650	446766699995451	446766688966963
446766705250973	446766716431806	446766705628681
446766721900088	446766757522691	446766741361650
446766738603994	446766765742326	446766741420556
446766772222744	446766790399879	446766772635817
446766772513473	446766798616910	446766772646181
446766789301494	446766806835295	446766789698838
446766805975556	446766823275087	446766806434463
446766822640817	446766839713889	446766823031650
446766839324463	446766856150504	446766839713369
446766855983004	446766889021129	446766878380556
446766872685556	446766897240035	446766878464567

POLL t=58.4 tick=1793
8333333
446776431867115	446776463338157	446776444501594
446776473044615	446776487994511	446776473454876
446776473203001	446776496213260	446776473458365
446776490016803	446776504432740	446776490396334
446776506633626	446776520869511	446776507012584
446776523283053	446776537306125	446776523654928
446776539969146	446776578402583	446776568123365
446776556634719	446776586621230	446776568177271
446776595847896	446776611276125	446776596268678
446776595997115	446776619493416	446776596278782
446776612756959	446776627711073	446776613133521
446776629426178	446776644149406	446776629791334
446776646055553	446776660588209	446776646436907
446776662773209	446776701682948	446776688562740
446776679486125	446776709901646	446776688603521
446776719122532	446776734556698	446776719489459
446776719254250	446776742774615	446776719499459
446776736030813	446776750992740	446776736391803
446776752721282	446776767428677	446776753110709
446776769372740	446776783867062	446776769742584
446776786012584	446776824961854	446776811361959
446776802718834	446776833182531	446776811367219
446776842305865	446776857843104	446776842696021
446776842498365	446776866063781	446776842698834
446776859228834	446776874283104	446776859636907
446776875932427	446776890720396	446776876297896
446776892583990	446776907157947	446776892976334
446776909292740	446776923597635	446776909651282
446776925919302	446776956481385	446776942940344
446776942586959	446776964703417	446776942944875
446776980817063	446776997587271	446776981257427
446776981028365	446777005808104	446776981272219
446776997817271	446777014027896	446776998291802
446777014401334	446777030469563	446777014779719
446777031095396	446777046910500	446777031448313
446777047790709	446777088010864	446777074184771
446777064427271	446777096231281	446777074205240
446777103099407	446777120888521	446777103492844
446777103246959	446777129108052	446777103537584
446777120096646	446777137327167	446777120434927
446777136666594	446777153764666	446777137044146
446777153289407	446777170200240	446777153671125
446777170025709	446777186634927	446777170400396
446777186770084	446777219503104	446777203193990
446777203369771	446777227720084	446777203432271
446777240968521	446777252376073	446777241324771
446777241228834	446777260595187	446777241346750
446777257878521	446777268816021	446777258264927
446777274613365	446777285257374	446777274953052
446777291232896	446777334580135	446777317644406
446777307919927	446777342799927	446777317671594
446777349033677	446777367458468	446777349484250
446777349205709	446777375678103	446777349498677
446777365976959	446777383897218	446777366370031
446777382652427	446777400336333	446777383021177
446777399325552	446777416777115	446777399703781
446777416031334	446777457880760	446777447239719
446777432638052	446777466100604	446777447251333
446777449250240	446777474319614	446777449537896
446777494226750	446777507199250	446777494636177
446777494386750	446777515418416	446777494642583
446777511131490	446777523637843	446777511523781
446777527791177	446777540073780	446777528173156
446777544488208	446777581171073	446777568928365
446777561219615	446777589390083	446777568993365
446777601602896	446777614046906	446777602012583
446777601759771	446777622266021	446777602069771
446777618518365	446777630484614	446777618903156
446777635242740	446777646920083	446777635656125
446777651914094	446777663357270	446777652290813
446777668523052	446777704451594	446777693065396
446777685188156	446777712670604	446777693078677
446777726277583	446777737328260	446777726667583
446777726427271	446777745547270	446777726724927
446777743196802	446777761984302	446777743604563
446777759863208	446777778420864	446777760276438
446777776542427	446777794855864	446777776936438
446777793239406	446777835953885	446777821948469
446777809943938	446777844174562	446777822024458
446777852179615	446777868835187	446777852621646
446777852460552	446777877054927	446777852628521
446777869214615	446777885274354	446777869723156
446777885829615	446777901714041	446777886197115
446777902487427	446777918153260	446777902864615
446777919173521	446777934592583	446777919556490
446777935901021	446777967477218	446777954299302
446777952545969	446777975698052	446777954364771
446777992293052	446778008579302	446777992730812
446777992543365	446778016800239	446777992743208
446778009312062	446778025020812	446778009531437
446778025949458	446778041461802	446778026325552
446778042641958	446778057901020	446778043030812
446778059325344	446778107220343	446778089534614
446778076082219	446778115440500	446778089579094
446778116349719	446778131882114	446778116765552
446778116518364	446778140102739	446778116771646
446778133320239	446778148323521	446778133680500
446778150015656	446778164761020	446778150385187
446778166711281	446778181200500	446778167111281
446778183393156	446778230520968	446778215767427
446778199971177	446778238739146	446778215778364
446778216637583	446778246959354	446778216930187
446778256540656	446778271619093	446778256946958
446778256752583	446778279839614	446778256960031
446778273441177	446778288060864	446778273813781
446778290098989	446778304501854	446778290492896
446778306840083	446778345605812	446778334535812
446778323501489	446778353824406	446778334576750
446778363001802	446778378482114	446778363423364
446778363150812	446778386703103	446778363428989
446778379917114	446778394923208	446778380292896
446778396635969	446778411364562	446778396993625
446778413271802	446778427806905	446778413665552
446778429901958	446778477123312	446778459040239
446778446538312	446778485343364	446778459046958
446778486952896	446778501782375	446778487400708
446778487108052	446778510002843	446778487415187
446778503830083	446778518225968	446778504225031
446778520537114	446778534669771	446778520921646
446778537276177	446778551113676	446778537664302
446778553844771	446778600439562	446778582823677
446778570498468	446778608660603	446778582940708
446778611312739	446778625101854	446778611748521
446778611479302	446778633321645	446778611760708
446778628252271	446778641541333	446778628630083
446778644914406	446778657980760	446778645287896
446778661629771	9223372036854775807	446778662025708

POLL t=70.0 tick=1876
8333333
446788306821902	446788339545860	446788307185340
446788354052840	446788372420600	446788354686486
446788354275340	446788380640444	446788354705392
446788370977892	446788388859558	446788371411173
446788387625236	446788421729298	446788410399767
446788404342267	446788429947631	446788410594767
446788444577371	446788462823204	446788445217840
446788444948048	446788471042266	446788445288517
446788461509298	446788479262683	446788461938986
446788478149767	446788495701068	446788478564923
446788494812892	446788536797006	446788523047371
446788511534923	446788545016693	446788523220808
446788552575861	446788569674767	446788553153986
446788552803204	446788577894453	446788553213829
446788569462267	446788586113985	446788570051902
446788586169142	446788602553673	446788586551746
446788602848360	446788635436381	446788621701954
446788619540860	446788643658048	446788621802996
446788658376173	446788676539349	446788658999610
446788658590496	446788684759193	446788659013465
446788675269402	446788692979974	446788675874090
446788691970235	446788709420860	446788692342110
446788708610860	446788750521380	446788740011746
446788725339767	446788758742162	446788740021173
446788741968517	446788766962683	446788742351590
446788788435860	446788799842006	446788788998204
446788788633204	446788808061381	446788789003985
446788805343360	446788816282058	446788805842215
446788822023048	446788832722995	446788822390548
446788838684142	446788865603412	446788849815079
446788878391017	446788890265339	446788878965808
446788878577735	446788898485443	446788878971017
446788895292267	446788906705547	446788895670235
446788911961017	446788923144245	446788912339558
446788928624246	446788964238568	446788949307267
446788945301642	446788972458360	446788949840704
446788985730860	446788997119193	446788986256433
446788985934610	446789005341380	446788986290079
446789002643204	446789013562110	446789003016798
446789019316485	446789030004870	446789019700183
446789035974767	446789071105755	446789056543829
446789052684767	446789079326484	446789056573464
446789092346485	446789103987109	446789092926121
446789092523517	446789112208151	446789092934298
446789109167058	446789120429141	446789109720183
446789125948517	446789136866276	446789126446433
446789142564558	446789186178776	446789174176902
446789159276277	446789194398151	446789174198360
446789175899923	446789202617214	446789176270860
446789216273777	446789227276485	446789216770964
446789216482214	446789235495912	446789216794923
446789233169766	446789243714975	446789233560079
446789249853360	446789284809141	446789274751641
446789266566954	446789293028880	446789274884298
446789307103829	446789317688256	446789307715027
446789307307110	446789325907631	446789307721641
446789323981016	446789342345703	446789324370339
446789340681173	446789358784818	446789341052110
446789357345079	446789391661536	446789378161121
446789374065704	446789399883308	446789378189558
446789413861589	446789424543828	446789414455391
446789414067058	446789432765339	446789414461746
446789430768516	446789440986120	446789431155808
446789447440496	446789457426277	446789447824923
446789464129766	446789498526172	446789484822110
446789480809141	446789506745130	446789484851016
446789521179141	446789547846328	446789521810235
446789521393048	446789556065912	446789521820183
446789538126329	446789564285183	446789538509141
446789554808204	446789572503412	446789555218048
446789571469298	446789605383256	446789592628985
446789588254298	446789613605130	446789592689141
446789628155704	446789638266745	446789628587110
446789628295079	446789646485911	446789628616746
446789645081277	446789662922682	446789645473204
446789661790652	446789679358204	446789662166798
446789678419766	446789720450287	446789704833516
446789695121329	446789728670339	446789704874610
446789736733204	446789753327527	446789737366902
446789736971485	446789761547161	446789737376798
446789753681485	446789769766797	446789754137214
446789770339870	446789786206120	446789770716485
446789787028204	446789827304298	446789810567839
446789803795391	446789835523360	446789810670391
446789843240704	446789860178568	446789843715495
446789843378464	446789868396745	446789843731641
446789860424037	446789876614349	446789861022370
446789876933152	446789893052161	446789877302266
446789893610704	446789934150442	446789919781016
446789910348829	446789942370442	446789919843516
446789952207422	446789967031797	446789952726016
446789952473464	446789975253047	446789952748829
446789969165964	446789983473359	446789969551954
446789985861589	446789999912266	446789986233308
446790002494454	446790041015078	446790025230391
446790019298829	446790049236797	446790025279089
446790061364141	446790073900807	446790061868672
446790061609297	446790082121745	446790061874610
446790078294141	446790090342318	446790078674297
446790095030964	446790106784245	446790095398829
446790111665964	446790147883724	446790131556433
446790128466329	446790156105234	446790131733985
446790171292214	446790188989192	446790171895339
446790171623829	446790197210599	446790171918516
446790188241902	446790205432006	446790188638829
446790204883672	446790221876016	446790205299766
446790221622266	446790254761016	446790241181172
446790238460860	446790262981329	446790241252579
446790281539922	446790295858672	446790281934610
446790281717110	446790304079245	446790281945027
446790298463360	446790312300130	446790298828204
446790315070235	446790328740756	446790315455860
446790331811641	446790369840235	446790351800339
446790348461329	446790378060807	446790351831276
446790391504089	446790402719140	446790392101901
446790391716745	446790410939244	446790392113464
446790408418672	446790419159193	446790408855079
446790425081172	446790435596172	446790425486641
446790441853204	446790476692995	446790463949141
446790458427110	446790484913724	446790464051641
446790500100391	446790517792214	446790500648672
446790500340964	446790526011849	446790500657839
446790516980235	446790534234193	446790517432110
446790533639714	446790550673880	446790534034922
446790550315860	446790591769088	446790579396745
446790567083047	446790599988619	446790579536901
446790583696016	446790608207890	446790584137110

POLL t=82.1 tick=2010
8333333
446800456427523	446800486316793	446800456801637
446800503810543	446800519191845	446800504258668
446800503921168	446800527411949	446800504261950
446800520708148	446800535630022	446800521133981
446800537337887	446800576721532	446800564332991
446800554050023	446800584939084	446800564342835
446800594669137	446800609596012	446800595254918
446800594862731	446800617814449	446800595263616
446800611539606	446800626032366	446800611931793
446800628238304	446800642469033	446800628609085
446800644928148	446800683563512	446800667978512
446800661605179	446800691783147	446800668071637
446800701684137	446800716439084	446800702252679
446800701883512	446800724657158	446800702364606
446800718594137	446800732876637	446800718972262
446800735255543	446800749313408	446800735630231
446800751934450	446800790401532	446800774793773
446800768632731	446800798620127	446800774936637
446800809301950	446800823275803	446800809878356
446800809449450	446800831494553	446800809909293
446800826221012	446800839714866	446800826698616
446800842855075	446800856153772	446800843231637
446800859513668	446800897253511	446800886342991
446800876272731	446800905474397	446800886374918
446800915947054	446800930139918	446800916524918
446800916189137	446800938360856	446800916532522
446800932912575	446800946581481	446800933343668
446800949522106	446800963022470	446800949900856
446800966166325	446801012343512	446800995080231
446800982907731	446801020562938	446800995104137
446801024799606	446801037000647	446801025216116
446801024984710	446801045219501	446801025262262
446801041704762	446801053439240	446801042085960
446801058372106	446801069877418	446801058743824
446801075060699	446801110975491	446801095847887
446801091745231	446801119195283	446801095895543
446801131412262	446801143849657	446801131949762
446801131807991	446801152070282	446801131997262
446801148311116	446801160290387	446801148739293
446801164930647	446801176730751	446801165303824
446801181630387	446801226042939	446801208828981
446801198332262	446801234263251	446801208842262
446801240348356	446801250700282	446801240766324
446801240531272	446801258919814	446801240782106
446801257240074	446801275360178	446801257626116
446801273867887	446801291799449	446801274259449
446801290547418	446801324675959	446801310796481
446801307301324	446801332894918	446801310933512
446801347544241	446801365770803	446801348168043
446801347701324	446801373990230	446801348176012
446801364472522	446801382209658	446801364969606
446801381092731	446801398646584	446801381495960
446801397761637	446801447954658	446801431890387
446801414468199	446801456175282	446801431901793
446801432177106	446801464394814	446801432336012
446801478546324	446801489052053	446801479134762
446801478696637	446801497273511	446801479153356
446801495438824	446801505494553	446801495914293
446801512100856	446801554808928	446801540953303
446801528790856	446801563027158	446801540976428
446801545511897	446801571246324	446801545858512
446801595237106	446801612342574	446801595808512
446801595443356	446801620561115	446801595836481
446801612127106	446801628779188	446801612865960
446801628863512	446801645215074	446801629178772
446801645493043	446801669870907	446801659051897
446801662149085	446801678089709	446801662723356
446801709670230	446801727401272	446801710110178
446801709851637	446801735620959	446801710117105
446801726623355	446801743840907	446801727058668
446801743247991	446801760277834	446801743644762
446801759935855	446801784933615	446801772204085
446801799921324	446801817812886	446801800491012
446801800330178	446801826034292	446801800498824
446801816926949	446801834253720	446801817318980
446801833623824	446801850694136	446801834014762
446801850332105	446801883570647	446801873792418
446801867032730	446801891791011	446801873848980
446801904190647	446801916451532	446801904614918
446801904370543	446801924670959	446801904620335
446801921145387	446801932891688	446801921533355
446801937771637	446801949332574	446801938167366
446801954466324	446801990428824	446801979647835
446801971226012	446801998648095	446801979678355
446802011324085	446802023308823	446802011821012
446802011556637	446802031528563	446802011840543
446802028258928	446802039746897	446802028643199
446802044949553	446802056183771	446802045327418
446802061661480	446802097270230	446802082792210
446802078411793	446802105486428	446802082801637
446802116172887	446802130140386	446802116653512
446802116390699	446802138358615	446802116666168
446802133103980	446802146577261	446802133500387
446802149770387	446802163012990	446802150146949
446802166500803	446802204102105	446802186600074
446802183190959	446802212321376	446802186608043
446802220685543	446802236981688	446802221124762
446802220893303	446802245201376	446802221155387
446802237735074	446802253421844	446802237951324
446802254329918	446802269863511	446802254698980
446802270990074	446802310960646	446802298697887
446802287635699	446802319180178	446802298804449
446802326612886	446802343836011	446802327028511
446802326809605	446802352056011	446802327050855
446802343515959	446802360274969	446802344348772
446802360266636	446802376712000	446802360673980
446802376975074	446802409589708	446802397330543
446802393654918	446802417809813	446802397448511
446802431570647	446802442465803	446802432123199
446802431783980	446802450685386	446802432135022
446802448652939	446802458903563	446802449029136
446802465208980	446802475342417	446802465576949
446802481832418	446802524651323	446802510989449
446802498537834	446802532872053	446802511032730
446802538701897	446802549310230	446802539204449
446802538869866	446802557528563	446802539210074
446802555649709	446802573963094	446802556194293
446802572253772	446802590398459	446802572721011
446802588945647	446802631481948	446802616203668
446802605631897	446802639699709	446802616270230
446802643673616	446802656136688	446802644082574
446802643822730	446802664356011	446802644123824
446802660578459	446802672575750	446802660960230
446802677243147	446802689012053	446802677657261
446802693985074	446802730106428	446802719146480
446802710680491	446802738324501	446802719170334
446802750515178	9223372036854775807	446802751068199

POLL t=94.5 tick=2102
8333333
446812854662518	446812879540382	446812857656164
446812894355539	446812912418247	446812894934757
446812894549549	446812920637101	446812894970539
446812911283924	446812928855434	446812911670799
446812927916476	446812945293612	446812928303299
446812944614445	446812978171372	446812964660226
446812961283351	446812986390591	446812964792570
446813001696320	446813019274549	446813002248455
446813001900851	446813027495642	446813002259757
446813018589289	446813035716580	446813019833664
446813035282830	446813052155121	446813035671737
446813051958976	446813093253507	446813078033976
446813068629862	446813101473663	446813078061268
446813108851476	446813126128976	446813109404393
446813109077414	446813134348142	446813109412882
446813125778143	446813142566476	446813126271789
446813142392101	446813159003924	446813142779289
446813159106476	446813200093871	446813185235226
446813175788664	446813208313038	446813185264289
446813214721789	446813232968298	446813215174862
446813214949445	446813241187101	446813215195070
446813231606164	446813249406111	446813231998820
446813248255382	446813265842830	446813248640539
446813264927570	446813298721892	446813282975955
446813281657414	446813306941736	446813283003976
446813319746736	446813331597882	446813320278507
446813319910955	446813339816371	446813320286632
446813336633664	446813348035954	446813337029914
446813353320851	446813389127205	446813376699445
446813369980695	446813397346007	446813376706476
446813408675695	446813422004080	446813409175174
446813408848976	446813430223351	446813409182414
446813425533351	446813438443351	446813425965851
446813442207101	446813454882204	446813442630695
446813458915486	446813504198194	446813486305538
446813475601476	446813512416840	446813486376788
446813514668663	446813528856423	446813515197830
446813514871476	446813537075799	446813515208768
446813531551320	446813545294340	446813531993663
446813548249757	446813561732465	446813548668663
446813564911163	446813611041110	446813593300070
446813581613038	446813619258610	446813593323351
446813622099757	446813635696319	446813622627101
446813622297726	446813643916684	446813622633924
446813639004236	446813652137101	446813639420018
446813655634549	446813668576110	446813656057570
446813672364445	446813709674080	446813691981424
446813689067882	446813717893767	446813692079445
446813727877726	446813742550277	446813728306007
446813728086163	446813750769340	446813728313768
446813744765695	446813758989600	446813745142205
446813761432986	446813808308871	446813795398924
446813778138351	446813816529027	446813795434549
446813795943663	446813824748975	446813796089757
446813833764080	446813849409861	446813834326893
446813833957674	446813857629965	446813834354549
446813850634236	446813865850330	446813851017257
446813867330382	446813906945486	446813895299601
446813884072986	446813915165070	446813895428195
446813900658663	446813923385903	446813901170538
446813945420851	446813956268923	446813945988976
446813945618351	446813964488142	446813945997674
446813962336945	446813980928611	446813962822726
446813978946424	446814013814183	446814004127882
446813995725486	446814022035434	446814004191476
446814035118663	446814046700069	446814035705382
446814035330070	446814054921631	446814035716007
446814052046007	446814063143975	446814052421892
446814068695799	446814079587725	446814069073820
446814085398820	446814120686528	446814104526320
446814102068299	446814128909080	446814104619392
446814139095538	446814153576058	446814139543351
446814139276424	446814161797205	446814139552205
446814155975382	446814170018298	446814156380694
446814172699601	446814186458142	446814173190955
446814189301007	446814235779288	446814219521944
446814206040486	446814244000642	446814220096111
446814222655955	446814252221631	446814223015069
446814270008663	446814285098507	446814270463976
446814270224549	446814293316527	446814270471476
446814286929444	446814301536110	446814287314236
446814303603038	446814334416006	446814318444601
446814320328351	446814342636058	446814320688663
446814361186163	446814375514131	446814361606892
446814361370851	446814383733142	446814361611892
446814378064132	446814391953298	446814378449288
446814394778194	446814433045016	446814419988351
446814411525226	446814441263663	446814420048663
446814449668819	446814465919079	446814450127882
446814449804288	446814474137465	446814450131892
446814466530226	446814482356475	446814466805226
446814483192257	446814498793976	446814483579444
446814499944601	446814539892204	446814524126007
446814516693976	446814548112360	446814524150017
446814554255486	446814572771371	446814554714549
446814554441632	446814580991632	446814554718976
446814571176007	446814589211944	446814571562048
446814587869601	446814605652048	446814588245851
446814604518976	446814638535694	446814622605330
446814621261007	446814646757152	446814622635486
446814660630069	446814671418350	446814661198923
446814660804548	446814679640278	446814661238194
446814677635642	446814696083194	446814678082517
446814694214601	446814712525381	446814694593611
446814710831632	446814745410121	446814734558351
446814727618142	446814753630798	446814734608923
446814767033351	446814778294600	446814767776632
446814767240486	446814786516684	446814767816319
446814783973194	446814794738193	446814784384080
446814800664236	446814811179756	446814801069444
446814817302205	446814860502933	446814845883038
446814833987205	446814868723402	446814845918611
446814850620382	446814876944495	446814850971007
446814897506163	446814909827204	446814897949705
446814897630017	446814918047621	446814897982205
446814914408819	446814926269184	446814914802725
446814931030382	446814967367152	446814953881007
446814947778611	446814975586631	446814953945694
446814988669288	446815000244080	446814989258975
446814989087413	446815008462933	446814989279132
446815005583663	446815016682517	446815005972257
446815022245694	446815033124288	446815022614861
446815038931944	446815074228038	446815056563298
446815055584288	446815082450433	446815056567413
446815096033663	446815107112725	446815096587673
446815096256632	446815115333714	446815096594913
446815113012257	446815123555381	446815113447830

POLL t=106.5 tick=2240
8333333
446824693086784	446824732239909	446824715559128
446824709889076	446824740458294	446824715642253
446824749883972	446824765111367	446824750573190
446824750029701	446824773328346	446824750604128
446824766776888	446824781545429	446824767173138
446824783440222	446824797977461	446824783812826
446824800120690	446824839056263	446824821524128
446824816801003	446824847273086	446824821614076
446824858005170	446824871924909	446824858528295
446824858203659	446824880142617	446824858538503
446824874922253	446824888361888	446824875288451
446824891571003	446824904794856	446824891985847
446824908226784	446824937656262	446824925788815
446824924956472	446824945874128	446824925808503
446824964538659	446824978739284	446824965071159
446824964747097	446824986956523	446824965120951
446824981464597	446824995174857	446824981912565
446824998119909	446825011611315	446824998518347
446825014794128	446825044479804	446825032624597
446825031493347	446825052697461	446825032712722
446825070173034	446825085570169	446825070736784
446825070378815	446825093788502	446825070746159
446825087090378	446825102007669	446825087536003
446825103716940	446825118443190	446825104116003
446825120407097	446825151316055	446825137136732
446825137257253	446825159534388	446825137457826
446825181531263	446825192408034	446825182092253
446825181725638	446825200626576	446825182100534
446825198423503	446825208846367	446825198808919
446825215059753	446825249943346	446825236053972
446825231755169	446825258162460	446825236095222
446825272782357	446825282818919	446825273350221
446825272976003	446825291036679	446825273372721
446825289719128	446825307471887	446825290111107
446825306353503	446825323907513	446825306733034
446825323021940	446825356784179	446825345930482
446825339746419	446825365002825	446825345950794
446825379744753	446825397873762	446825380296315
446825379951940	446825406091211	446825380355534
446825396657878	446825414308137	446825397053034
446825413313190	446825430744752	446825413698034
446825429980378	446825463615429	446825450319857
446825446689440	446825471833346	446825450347878
446825486227409	446825496492409	446825486720690
446825486419753	446825504711419	446825486771315
446825503123659	446825521145846	446825503512721
446825519791419	446825537580065	446825520172513
446825536464232	446825570451940	446825556804128
446825553147513	446825578670221	446825556908034
446825593463451	446825611544700	446825593966107
446825593670794	446825619763085	446825593991159
446825610363346	446825627981992	446825610765169
446825627000169	446825644420586	446825627396159
446825643708919	446825677297616	446825663979440
446825660409909	446825685515638	446825664111784
446825701331471	446825718388815	446825701835846
446825701551471	446825726608919	446825701844284
446825718244909	446825734826523	446825718946784
446825735012825	446825751262096	446825735314544
446825751589544	446825792360117	446825776588659
446825768324544	446825800580429	446825776646003
446825809317878	446825825238606	446825809819388
446825809644753	446825833459492	446825809871784
446825826244909	446825841680065	446825826641419
446825842902200	446825858118971	446825843275221
446825859551263	446825899220013	446825885529909
446825876242669	446825907440325	446825885645325
446825917573346	446825932097460	446825917983502
446825917849857	446825940316419	446825917992357
446825934492513	446825948535846	446825934910377
446825951130846	446825964974543	446825951513607
446825967784284	446826006069752	446825991440534
446825984470377	446826014286836	446825991456159
446826024686627	446826038939022	446826025097252
446826024927877	446826047156575	446826025108971
446826041619752	446826055374960	446826041997565
446826058313190	446826071811836	446826058699909
446826075011315	446826112898971	446826096303190
446826091748971	446826121116470	446826096310690
446826132321732	446826145770689	446826132830169
446826132520950	446826153989075	446826132836315
446826149235846	446826162205898	446826149638919
446826165986315	446826178640586	446826166366627
446826182597409	446826219730638	446826209035482
446826199254700	446826227947304	446826209068346
446826240564544	446826252601002	446826241096940
446826240781784	446826260817981	446826241103502
446826257529284	446826269035845	446826257904700
446826274183190	446826285471835	446826274563346
446826290901315	446826326559335	446826312893502
446826307633815	446826334777512	446826312944544
446826349528346	446826367650220	446826350117200
446826349767721	446826375869596	446826350142044
446826366526159	446826384089856	446826366946731
446826383169856	446826400527565	446826383556002
446826399842565	446826441618866	446826427683971
446826416628502	446826449835585	446826427722825
446826457464596	446826474488710	446826457907669
446826457655221	446826482706887	446826457912669
446826474358919	446826490925793	446826474993763
446826491058659	446826507363710	446826491448659
446826507857721	446826548460637	446826531057044
446826524472356	446826556681679	446826531067252
446826566549909	446826581337303	446826567160846
446826567022721	446826589556314	446826567169075
446826583467877	446826597776418	446826583852200
446826600216627	446826614214700	446826600587356
446826616860377	446826647093710	446826637037669
446826633492721	446826655314596	446826637105377
446826673361158	446826688189700	446826673914700
446826673583971	446826696406627	446826673932669
446826690297096	446826704623398	446826690805013
446826706999283	446826721058346	446826707375377
446826723629127	446826770364179	446826754524283
446826740361627	446826778581783	446826754551315
446826756995950	446826786800481	446826757393815
446826806947981	446826819675377	446826807621002
446826807152044	446826827892669	446826807633450
446826823863502	446826836110689	446826824234596
446826840528763	446826877201106	446826861261263
446826857223502	446826885419492	446826861313763
446826898365221	446826910073137	446826898826263
446826898518815	446826918291991	446826898832565
446826915238815	446826926511002	446826915682252
446826931950690	446826942946783	446826932321419
446826948655533	446826992252044	446826974933502
446826965362721	9223372036854775807	446826974943346

POLL t=118.4 tick=2336
8333333
446836484792040	446836525526311	446836513677248
446836501505373	446836533745320	446836513699748
446836518119436	446836541963550	446836518661571
446836572315373	446836591267196	446836572930842
446836572516467	446836599483967	446836572939436
446836589220009	446836607701675	446836589615373
446836605895061	446836632350633	446836621514748
446836622550686	446836640567144	446836623484905
446836673847092	446836689871258	446836674397665
446836674049696	446836698090685	446836674408186
446836690770686	446836706309852	446836691275217
446836707423134	446836747400842	446836729999071
446836724205217	446836755618134	446836730006936
446836769086623	446836780270581	446836769513290
446836769270321	446836788488394	446836769519436
446836785991467	446836796706414	446836786371415
446836802663030	446836813143290	446836803034436
446836819327248	446836854238759	446836837605009
446836836074436	446836862459331	446836837646623
446836884580686	446836895336519	446836885013915
446836884753759	446836903556102	446836885025217
446836901484123	446836911776467	446836901926727
446836918135686	446836952878081	446836941534071
446836934881936	446836961098186	446836941563811
446836979805373	446836993982456	446836980362248
446836979997717	446837002204123	446836980391155
446836996706155	446837010425269	446836997095061
446837013376311	446837026865373	446837013757196
446837030048186	446837067965842	446837052729436
446837046736102	446837076185425	446837052852561
446837091467404	446837109069539	446837091977248
446837091685009	446837117291050	446837092052717
446837108426779	446837125512040	446837108873186
446837125107717	446837141955633	446837125492196
446837141707404	446837183056049	446837168036154
446837158418811	446837191276883	446837168045217
446837202985061	446837215939226	446837203469436
446837203343915	446837224160529	446837203475998
446837220116363	446837232379852	446837220457561
446837236606415	446837248821518	446837236970217
446837253242873	446837289938914	446837277075686
446837269922404	446837298163029	446837277145477
446837314061259	446837331053498	446837314485946
446837314248759	446837339274279	446837314500529
446837331254071	446837347494747	446837331767873
446837347674852	446837363935737	446837348033186
446837364330217	446837405037716	446837388979123
446837381007561	446837413258029	446837388993967
446837425838186	446837437919643	446837426320998
446837426056623	446837446140529	446837426348342
446837442759592	446837454361258	446837443138602
446837459447092	446837503690424	446837493476623
446837476150061	446837511912924	446837493501154
446837494005686	446837520135946	446837494995373
446837544236102	446837561236883	446837544731936
446837544437977	446837569457977	446837544781102
446837561183915	446837577677612	446837561560165
446837577806467	446837618780893	446837605739748
446837594570373	446837627001466	446837605814227
446837611163186	446837635221675	446837611870008
446837658147092	446837676322924	446837658680633
446837658353967	446837684543498	446837658693029
446837674999279	446837692764696	446837675439123
446837691738498	446837733866727	446837723375842
446837708445842	446837742086101	446837723425321
446837725088967	446837750305321	446837726391935
446837768984383	446837783183602	446837769410529
446837769155373	446837791403706	446837769422717
446837785869279	446837799622664	446837786245060
446837802540842	446837840714018	446837827875321
446837819232092	446837848933029	446837827885685
446837864875373	446837881810008	446837865474540
446837865081571	446837890029175	446837865487873
446837881749383	446837898248966	446837882569279
446837898432560	446837914687768	446837898814279
446837915144123	446837947566206	446837933104123
446837931880998	446837955786883	446837933165477
446837975415790	446837988667196	446837975996467
446837975661310	446837996887820	446837976036467
446837992367404	446838005109643	446837992782717
446838009058029	446838054443133	446838037968915
446838025828602	446838062665893	446838038012560
446838042434748	446838070889175	446838042768185
446838093373342	446838103775320	446838093801727
446838093594904	446838111998289	446838093809748
446838110370060	446838128444018	446838110775842
446838127073654	446838169549382	446838155705529
446838143693810	446838177770372	446838155731779
446838160395529	446838185991779	446838160857092
446838213786727	446838227084852	446838214331310
446838214022404	446838235302507	446838214338602
446838230733654	446838243521153	446838231108967
446838247423967	446838284608497	446838269935164
446838264227248	446838292826414	446838269942717
446838310014748	446838325706154	446838310541467
446838310183914	446838333927039	446838310547873
446838326943185	446838342146831	446838327321414
446838343620529	446838358587612	446838344036623
446838360317560	446838391469175	446838380442508
446838377065841	446838399690216	446838380451466
446838421270685	446838432568184	446838421781779
446838421517560	446838440786622	446838421791779
446838438216883	446838449006049	446838438630373
446838454844279	446838465445372	446838455226779
446838471573133	446838506542716	446838491626727
446838488250998	446838514761570	446838491768654
446838534501935	446838547641154	446838534961935
446838534665373	446838555860580	446838535002248
446838551436623	446838564080425	446838551856571
446838568109904	446838580518185	446838568492248
446838584828133	446838621613758	446838605129904
446838601446154	446838629833288	446838605163289
446838646202716	446838662709278	446838646708133
446838646406466	446838670929018	446838646733654
446838663106727	446838679149695	446838663522091
446838679770060	446838728471830	446838713572196
446838696468966	446838736692924	446838713602404
446838714019748	446838744914435	446838714387196
446838765640216	446838777805633	446838766137248
446838765841154	446838786028706	446838766151883
446838782556779	446838794249330	446838782958341
446838799233810	446838827129695	446838816520060
446838815958914	446838835349538	446838816608810
446838859061779	446838876451466	446838859583966
446838859246623	446838884672768	446838859599591
446838876231050	446838892894748	446838876599331
446838892710529	9223372036854775807	446838923453966

POLL t=130.5 tick=2476
8333333
446848734282869	446848747359588	446848734657244
446848750977556	446848796673910	446848783062869
446848767644119	446848804893233	446848783086150
446848784314900	446848813112608	446848784695369
446848823849744	446848837771566	446848824458181
446848824193963	446848845991566	446848824463442
446848840763754	446848854209275	446848841160994
446848857427348	446848895304326	446848878439119
446848874131723	446848903524483	446848878486410
446848913034587	446848928181097	446848913645056
446848913223494	446848936399066	446848913663025
446848929926931	446848944616306	446848930313650
446848946585056	446848961054223	446848946951931
446848963276306	446848993928649	446848981412556
446848979976410	446849002147400	446848981505473
446849016948442	446849035021670	446849017550317
446849017149431	446849043240576	446849017571462
446849033802035	446849051460212	446849034246567
446849050515837	446849067898858	446849050905681
446849067195525	446849108990941	446849091876619
446849083912556	446849117209222	446849091993442
446849122544379	446849133646722	446849123272035
446849122751098	446849141864535	446849123327556
446849139436775	446849150083076	446849139884119
446849156134744	446849166519430	446849156513754
446849172798754	446849207612556	446849197359379
446849189516775	446849215831930	446849197410369
446849228360525	446849240488910	446849228980212
446849228565837	446849248708337	446849228986150
446849245237087	446849256925837	446849245722869
446849261959692	446849273362920	446849262372869
446849278601775	446849322674848	446849305416879
446849295303181	446849330893910	446849305428337
446849334889900	446849347332608	446849335482556
446849335230681	446849355551306	446849335544119
446849351791775	446849363770941	446849352171775
446849368452087	446849413084274	446849399130994
446849385154275	446849421303025	446849399143129
446849401789066	446849429522347	446849402207244
446849447735160	446849462395055	446849448304744
446849447894744	446849470611202	446849448308441
446849464677348	446849478827763	446849465166931
446849481277556	446849519907764	446849504288962
446849497989744	446849528124795	446849504333650
446849537574743	446849552779534	446849538180212
446849537775056	446849560997815	446849538188806
446849554484431	446849569215576	446849554855993
446849571156566	446849618529795	446849601368285
446849587830212	446849626748805	446849601573025
446849604466931	446849634967191	446849604833025
446849651700525	446849667846670	446849652286618
446849651904118	446849676066149	446849652294066
446849668592348	446849684286358	446849668974743
446849685255056	446849717162035	446849700861462
446849701919275	446849725381253	446849702297087
446849747439587	446849758260993	446849748079691
446849747673441	446849766480889	446849748087868
446849764385681	446849782921409	446849764784379
446849781041410	446849815798493	446849798941254
446849797727400	446849824018441	446849798947400
446849835483650	446849848675472	446849836150056
446849835687035	446849856895837	446849836156723
446849852396254	446849865116930	446849852964379
446849869013493	446849914436254	446849897888025
446849885737243	446849922656930	446849897909848
446849902367087	446849930877712	446849902761618
446849949158650	446849963756618	446849949727191
446849949366618	446849971975733	446849949734743
446849966099743	446849980194482	446849966545837
446849982747243	446850013070629	446850002303285
446849999448650	446850021290107	446850002328441
446850036869275	446850054170420	446850037378025
446850037080368	446850062389951	446850037386150
446850053794222	446850070608962	446850054205056
446850070483441	446850087048180	446850070870941
446850087165212	446850119924378	446850105714743
446850103918910	446850128142607	446850105734222
446850146957243	446850161019639	446850147658597
446850147235837	446850169239482	446850147668650
446850163908025	446850177459065	446850164299379
446850180592556	446850210339899	446850198455056
446850197325004	446850218559847	446850198519743
446850233530004	446850251436358	446850233979899
446850233734431	446850259654743	446850233986410
446850250459743	446850267873806	446850250885993
446850267114118	446850284312035	446850267510629
446850283859587	446850317187295	446850304188806
446850300564899	446850325407034	446850304251774
446850337776879	446850350066305	446850338301462
446850338028285	446850358285420	446850338308337
446850354698962	446850366504222	446850355184431
446850371437191	446850382943857	446850371818024
446850388143962	446850424041409	446850407974899
446850404900837	446850432261149	446850407984691
446850443356149	446850456919482	446850443782087
446850443566254	446850465137399	446850443815837
446850460290993	446850473355472	446850460667556
446850476958962	446850522667087	446850505527712
446850493765993	446850530885836	446850505535993
446850531971774	446850547323180	446850532716931
446850532260056	446850555541253	446850532724118
446850548898337	446850563759795	446850549278493
446850565647347	446850613067087	446850594914222
446850582350993	446850621285003	446850594944431
446850598980681	446850629503389	446850599264587
446850647315993	446850662377763	446850647810368
446850647543597	446850670596409	446850647884899
446850664291097	446850678815628	446850664764274
446850680934535	446850711692919	446850696475368
446850697571722	446850719911305	446850697956462
446850733313128	446850744562867	446850734127087
446850733493024	446850752780940	446850734134431
446850750241306	446850760996253	446850750698493
446850766888493	446850810298233	446850792973649
446850783595681	446850818515680	446850792993285
446850822712712	446850834949846	446850823262243
446850822923441	446850843167191	446850823320524
446850839671774	446850851385368	446850840223128
446850856314587	446850867818961	446850856688493
446850873135108	446850908903336	446850891470212
446850889847816	446850917119951	446850891488753
446850926014587	446850941767034	446850926471253
446850926155837	446850949983648	446850926503962
446850942919743	446850958200575	446850943298962
446850959577087	446850974634846	446850959990368
446850976261566	446851007507919	446850993215837
446850992934691	446851015726409	446850993239430

POLL t=142.5 tick=2576
8333333
446861019254583	446861066477291	446861050508020
446861035946302	446861074694530	446861050854427
446861052540937	446861082911041	446861052931927
446861096395052	446861107561822	446861096968645
446861096606249	446861115778749	446861096977239
446861113294739	446861123994895	446861113734531
446861129965677	446861156857759	446861143964739
446861146632239	446861165073176	446861147018124
446861182979218	446861197932812	446861183565937
446861183228802	446861206148697	446861183574583
446861200199895	446861214364061	446861200555364
446861216632552	446861230796614	446861216981927
446861233303906	446861271880051	446861256165156
446861249963593	446861280096406	446861256224531
446861286401718	446861304744374	446861286984218
446861286568281	446861312961197	446861286989218
446861303316927	446861321178124	446861303748020
446861319963801	446861337611613	446861320350156
446861336654739	446861370475989	446861357915989
446861353324999	446861378692187	446861357924895
446861388718020	446861403336509	446861389262395
446861388927499	446861411552499	446861389289426
446861405591770	446861419769374	446861406029114
446861422308124	446861436205728	446861422694114
446861438976301	446861477294061	446861465263281
446861455670208	446861485511874	446861465273124
446861492314114	446861510165519	446861492768020
446861492488958	446861518383645	446861492773801
446861509149843	446861526599426	446861509570676
446861525833124	446861567680572	446861556973281
446861542513489	446861575897083	446861556992551
446861559208958	446861584113228	446861559988645
446861601667083	446861616979635	446861602242551
446861601857551	446861625196614	446861602259739
446861618579843	446861633414791	446861619016145
446861635247708	446861674497707	446861660635208
446861651955833	446861682714687	446861660643020
446861687555051	446861699148072	446861688116458
446861687717083	446861707365780	446861688120676
446861704501926	446861715583437	446861705004687
446861721143333	446861732018332	446861721522499
446861737783333	446861773105884	446861757563020
446861754481770	446861781323176	446861757602083
446861790422239	446861805977551	446861790966145
446861790615364	446861814196457	446861790974270
446861807666041	446861822414426	446861808057239
446861824139218	446861838852707	446861824515520
446861840768280	446861879949791	446861865279270
446861857418645	446861888169426	446861865362083
446861893094530	446861904605988	446861893597239
446861893283489	446861912824009	446861893621301
446861910009062	446861921042134	446861910371301
446861926629426	446861970349061	446861957937239
446861943350364	446861978567707	446861957947551
446861959981301	446861986785467	446861960389895
446861995341145	446862011437551	446861995887239
446861995492395	446862019656040	446861995927239
446862012462239	446862027873228	446862013013020
446862028943332	446862077175363	446862059017395
446862045567551	446862085391717	446862059066874
446862062208489	446862093607498	446862062567551
446862105926562	446862118258541	446862106494114
446862106122187	446862126476092	446862106504895
446862122792551	446862134693123	446862123232551
446862139493176	446862175773124	446862162483176
446862156256301	446862183989009	446862162874582
446862191947968	446862208638697	446862192511614
446862192221718	446862216855884	446862192540676
446862208961770	446862225073384	446862209332707
446862225543801	446862274375884	446862258392082
446862242298437	446862282593176	446862258397395
446862258970051	446862290810259	446862259372655
446862301474895	446862315462082	446862302107239
446862301700155	446862323678488	446862302118489
446862318385624	446862331896144	446862318779114
446862335050051	446862364764790	446862351087864
446862351754114	446862372982134	446862352140832
446862386596770	446862397627602	446862387145832
446862386824582	446862405842915	446862387154374
446862403574582	446862414059009	446862403954270
446862420305832	446862430489842	446862420678489
446862436869270	446862471569842	446862455925520
446862453588280	446862479786301	446862455932811
446862490014999	446862504434009	446862490571301
446862490247551	446862512648749	446862490608645
446862506956874	446862520865311	446862507359843
446862523630207	446862537296405	446862524035676
446862540383280	446862578374582	446862560900520
446862556972968	446862586590155	446862560909061
446862596263957	446862611239478	446862596835520
446862596549582	446862619456457	446862596841249
446862613225155	446862627674217	446862613619843
446862629877863	446862644108175	446862630286926
446862646573645	446862685183853	446862669458176
446862663332499	446862693400779	446862669500207
446862698892551	446862709832707	446862699423645
446862699130624	446862718050103	446862699433749
446862716019061	446862726265728	446862716394374
446862732568801	446862750912759	446862732930988
446862749314113	446862783779217	446862772312551
446862765975988	446862791994790	446862772345520
446862802118593	446862816641769	446862802657499
446862802363957	446862824856769	446862802752238
446862819059113	446862833073019	446862819445363
446862835804113	446862882374217	446862867741145
446862852425624	446862890590884	446862867760780
446862869116249	446862898808123	446862869465780
446862912741301	446862923457915	446862913236874
446862912940832	446862931674008	446862913288124
446862929665207	446862939891978	446862929889270
446862946354270	446862972758696	446862958219530
446862963015780	446862980976717	446862963520676
446863006236770	446863022069321	446863006804061
446863006379738	446863030287186	446863006809218
446863023145936	446863038504842	446863023573332
446863039788176	446863071374582	446863058639530
446863056498436	446863079592238	446863058644374
446863090786301	446863104242707	446863091346301
446863090988020	446863112459425	446863091427395
446863107699426	446863120675988	446863108081770
446863124385207	446863169978279	446863155320155
446863141044582	446863178196509	446863155329113
446863157654895	446863186415779	446863157968020
446863201155780	446863219283540	446863201701092
446863201380363	446863227499217	446863201761145
446863218052395	446863235715832	446863218451874
446863234761926	9223372036854775807	446863252469530

POLL t=155.0 tick=2678
8333333
446873202365932	446873220640984	446873202643797
446873219086714	446873237073172	446873219469109
446873235781453	446873261723223	446873246426401
446873268305307	446873286376297	446873268704109
446873269057703	446873294594526	446873269388797
446873285793953	446873302813015	446873286175464
446873302471714	446873352112911	446873333870359
446873319136401	446873360329786	446873333977547
446873335771297	446873368547130	446873336255464
446873378642703	446873393197963	446873379184734
446873378824734	446873401414994	446873379238589
446873395529422	446873409631609	446873395908797
446873412201141	446873442504161	446873429887495
446873428926922	446873450721765	446873429894995
446873462718797	446873475370567	446873463167859
446873462838016	446873483586609	446873463209422
446873479619214	446873491803380	446873480058432
446873496276870	446873508238119	446873496667859
446873512939526	446873541105619	446873530609578
446873529626766	446873549324266	446873530659839
446873563041870	446873573978328	446873563463276
446873563207026	446873582197338	446873563479370
446873579930307	446873590415984	446873580309213
446873596565620	446873631504891	446873616418328
446873613244213	446873639722806	446873616441141
446873650239109	446873664377078	446873650807078
446873650440516	446873672595411	446873650830359
446873667096922	446873680813901	446873667494734
446873683807859	446873697245620	446873684188172
446873700497963	446873738324161	446873721172026
446873717206453	446873746539890	446873721274057
446873753323484	446873771191557	446873753867703
446873753528172	446873779407442	446873753904734
446873770228015	446873787623483	446873770629526
446873786861297	446873836919578	446873818948901
446873803606088	446873845136661	446873818955307
446873820266870	446873853353328	446873820648484
446873864681557	446873877998744	446873865255672
446873864880776	446873886216400	446873865284422
446873881594422	446873894432494	446873881963797
446873898261713	446873927296453	446873912434265
446873914910151	446873935511973	446873915299265
446873954237182	446873968380463	446873954655932
446873954419890	446873976597442	446873954697547
446873971138953	446873984815046	446873971516140
446873987824734	446874017683171	446874005284109
446874004503640	446874025899317	446874005310307
446874038841609	446874050545776	446874039343640
446874039210828	446874058759994	446874039350672
446874056025463	446874066976817	446874056426453
446874072482807	446874083410984	446874072851453
446874089143797	446874124498015	446874114019734
446874105815620	446874132714578	446874114106765
446874142225672	446874157362390	446874142721140
446874142434213	446874165578171	446874142737807
446874159126297	446874173794942	446874159503640
446874175793640	446874223104161	446874205494109
446874192491453	446874231322181	446874205521557
446874209129057	446874239540098	446874209492234
446874255496453	446874272409838	446874256197859
446874255712390	446874280627442	446874256221609
446874272408119	446874288845463	446874272994578
446874289104109	446874313499109	446874302821609
446874305763172	446874321716817	446874306191297
446874344573640	446874362797337	446874345160672
446874344822703	446874371012598	446874345171922
446874361472026	446874379228796	446874361852963
446874378150932	446874412092806	446874394400203
446874394800203	446874420307234	446874395788432
446874437065828	446874453174160	446874437675671
446874437274265	446874461391712	446874437686869
446874453989421	446874469609629	446874454372390
446874470688901	446874502474681	446874487793953
446874487410828	446874510691400	446874487801088
446874526142546	446874543561765	446874526688276
446874526463588	446874551779317	446874526692546
446874543105515	446874559997598	446874544098328
446874559754838	446874601085098	446874584431921
446874576654890	446874609301660	446874584459578
446874613809421	446874625736452	446874614332234
446874614056140	446874633955150	446874614353276
446874630738328	446874642172911	446874631122963
446874647473276	446874691475671	446874679207494
446874664233953	446874699694786	446874679253171
446874681281713	446874707913379	446874681601296
446874721321557	446874732563848	446874721737703
446874721546140	446874740780879	446874721751557
446874738245046	446874748998535	446874738633484
446874754936609	446874790088223	446874775379265
446874771707703	446874798307546	446874775404109
446874806253328	446874822964734	446874806708901
446874806604057	446874831183066	446874806714213
446874823222494	446874839401869	446874823728328
446874839868015	446874855838535	446874840258328
446874856567963	446874888711035	446874876485619
446874873270046	446874896929108	446874876535619
446874905742390	446874921583952	446874906185515
446874906449578	446874929803796	446874906633640
446874923219890	446874938023379	446874923572078
446874939908328	446874987326504	446874969920932
446874956648588	446874995545306	446874969928328
446874973192234	446875003763952	446874973559525
446875015450463	446875028423223	446875015864213
446875015599213	446875036642702	446875015872078
446875032351765	446875044862598	446875032742390
446875049041765	446875077737597	446875062444578
446875065739213	446875085956243	446875066069578
446875109522859	446875127050150	446875110076921
446875109758796	446875135268431	446875110083796
446875126443171	446875143487807	446875127471505
446875143136296	446875176362910	446875164798275
446875159849994	446875184580775	446875164826296
446875195128015	446875209232806	446875195737546
446875195360671	446875217449369	446875195744682
446875212030671	446875225667129	446875212456713
446875228732390	446875242104004	446875229097234
446875245389421	446875283196608	446875269021452
446875262093796	446875291414056	446875269173640
446875298634890	446875316066296	446875299221765
446875298837546	446875324283848	446875299337077
446875315516244	446875332500931	446875316522494
446875332221140	446875348933691	446875332691244
446875349094525	446875390021400	446875372532859
446875365762182	446875398237806	446875372634057
446875402438744	446875414672598	446875403098432
446875402692338	446875422889525	446875403105827
446875419342077	446875431107858	446875419743171

POLL t=167.1 tick=2831
8333333
446885570216605	446885595181656	446885570534990
446885586913792	446885603399260	446885587574209
446885603582334	446885652700042	446885636120042
446885620309417	446885660915719	446885636146553
446885636958323	446885669130146	446885637341084
446885678715042	446885693774833	446885679326240
446885678979521	446885701989990	446885679332855
446885695634573	446885710205146	446885696088011
446885712323011	446885751284260	446885733810511
446885729020980	446885759500771	446885733816448
446885764100042	446885775931031	446885764599261
446885764310303	446885784146865	446885764609209
446885780989886	446885792362750	446885781414417
446885797689573	446885808795094	446885798062230
446885814348428	446885858089573	446885841154521
446885831043167	446885866307802	446885841181553
446885868450980	446885882740875	446885868958792
446885868641917	446885890958114	446885868967334
446885885355823	446885899175093	446885885772855
446885902020928	446885948475823	446885934044365
446885918706917	446885956692281	446885934079834
446885935360198	446885964909781	446885935736917
446885975007386	446885989559781	446885975526865
446885975322490	446885997776500	446885975530355
446885991894678	446886005992386	446885992302698
446886008563480	446886047074157	446886032687646
446886025237959	446886055291187	446886032707490
446886060184105	446886071725510	446886060663427
446886060366292	446886079941447	446886060669573
446886077110927	446886088158115	446886077565146
446886093753740	446886104593531	446886094128792
446886110420667	446886145681188	446886132944730
446886127102542	446886153900197	446886132964105
446886162208167	446886178549157	446886162731448
446886162411917	446886186765458	446886162740980
446886179088792	446886194982073	446886179328167
446886195772073	446886244286135	446886228655979
446886212468271	446886252503792	446886228676604
446886229177386	446886260722281	446886229277073
446886271080042	446886285378114	446886271661761
446886271331761	446886293597593	446886271674261
446886287997646	446886301816344	446886288431240
446886304678427	446886342902750	446886326855927
446886321342542	446886351120197	446886326948792
446886355597021	446886367555823	446886356152646
446886355788011	446886375774365	446886356208271
446886372624469	446886383993166	446886373048740
446886389198792	446886400430250	446886389566917
446886405864417	446886441518166	446886429331709
446886422542959	446886449733740	446886429427386
446886458775302	446886474384156	446886459356552
446886459001604	446886482601760	446886459381761
446886475661136	446886490819886	446886476144729
446886492358167	446886507254521	446886492738115
446886509057073	446886548343011	446886532623792
446886525737854	446886556561604	446886532689834
446886561008271	446886573000250	446886561588323
446886561222698	446886581219677	446886561596761
446886577896292	446886589438948	446886578318792
446886594560823	446886638745926	446886624006865
446886611306865	446886646964208	446886624042646
446886627969729	446886655181969	446886628342021
446886670568167	446886688051708	446886671207073
446886670903792	446886696268583	446886671216917
446886687484261	446886704485718	446886687857542
446886704211708	446886737354780	446886722318011
446886720863636	446886745571396	446886722323792
446886753337854	446886770221187	446886753741604
446886754085042	446886778437437	446886754434573
446886770859990	446886786654937	446886771073792
446886787533583	446886819520718	446886808906240
446886804309104	446886827738115	446886808949886
446886839004417	446886852390719	446886839572073
446886839196136	446886860607385	446886839592229
446886855997229	446886868825250	446886856394521
446886872644990	446886885259937	446886873015042
446886889327854	446886926348271	446886909527385
446886906024833	446886934566082	446886909533948
446886941980354	446886959217594	446886942536135
446886942203792	446886967435093	446886942548792
446886958983427	446886975652489	446886959522333
446886975598635	446886992087333	446886975984573
446886992403792	446887024955145	446887015174885
446887009045042	446887033171968	446887015180458
446887042648635	446887057818792	446887043196760
446887042889885	446887066036187	446887043201917
446887059579833	446887074252750	446887059955042
446887076266292	446887123551291	446887107323948
446887092989729	446887131769208	446887107365510
446887109596292	446887139985874	446887109922958
446887150547229	446887164635041	446887150968635
446887150722021	446887172852229	446887150980979
446887167477542	446887181068323	446887167886917
446887184237958	446887213933791	446887201196135
446887200872490	446887222150093	446887201204521
446887236418948	446887246798530	446887236950927
446887236657958	446887255015197	446887236957542
446887253380667	446887271448375	446887253776292
446887270049365	446887304308948	446887290361083
446887286779260	446887312524728	446887290454365
446887322709833	446887337172020	446887323333271
446887322918583	446887345388687	446887323347542
446887339684677	446887353604260	446887340062177
446887356350823	446887402890510	446887387528271
446887373000198	446887411104208	446887387543010
446887389671135	446887419319625	446887390025823
446887433346917	446887443966760	446887433932229
446887433593010	446887452182749	446887433949573
446887450269573	446887460397854	446887450643635
446887467035667	446887493254832	446887482850302
446887483616604	446887501469989	446887484250823
446887517920042	446887534331655	446887518453792
446887518140667	446887542548114	446887518478479
446887534818791	446887550763478	446887535343114
446887551501448	446887567196968	446887551907698
446887568134416	446887608284937	446887593277385
446887584855458	446887616502905	446887593357385
446887620706916	446887632937281	446887621214052
446887620888739	446887641154311	446887621252385
446887637579521	446887649372957	446887638031291
446887654278166	446887665810041	446887654652333
446887670948791	446887706897124	446887696549364
446887687726916	446887715115875	446887696620198
446887724384885	446887739771291	446887724840666
446887724642229	446887747989364	446887724849521
446887741359729	446887756207124	446887741784521
446887758015302	9223372036854775807	446887758430823

POLL t=179.4 tick=2934
8333333
446897587045194	446897608701704	446897587402381
446897604026079	446897616921079	446897604369361
446897620472850	446897666231704	446897649027486
446897637094517	446897674449881	446897649051079
446897672431548	446897690884516	446897673009829
446897672623944	446897699102485	446897673058111
446897689338163	446897707320349	446897689727017
446897706001756	446897723754152	446897706382538
446897722675923	446897764845037	446897747381236
446897739415767	446897773063787	446897747399725
446897777253788	446897789500454	446897777801756
446897777458267	446897797717589	446897777817486
446897794179204	446897805935506	446897794537069
446897810835663	446897855238162	446897840369881
446897827528319	446897863455298	446897840385923
446897844193110	446897871672641	446897844527381
446897889418631	446897904540506	446897889834673
446897889601860	446897912757380	446897889896131
446897906327225	446897920975402	446897906746756
446897922997485	446897945628630	446897935129673
446897954792694	446897970279569	446897955164881
446897956288267	446897978496444	446897956588944
446897973044569	446897986714204	446897973538006
446897989644413	446898003148214	446897990026079
446898006332381	446898036014412	446898025502485
446898023034829	446898044231182	446898025616444
446898058099256	446898068881547	446898058719569
446898058293006	446898077098057	446898058740662
446898074964256	446898093532693	446898075402225
446898091669048	446898109967172	446898092052850
446898108360662	446898142828423	446898132585194
446898125055350	446898151044568	446898132611131
446898161802694	446898175695141	446898162376600
446898162055194	446898183913214	446898162858110
446898178640037	446898192131547	446898179093162
446898195331079	446898208565141	446898195717694
446898212081548	446898249651339	446898232407694
446898228756079	446898257867589	446898232427381
446898264461079	446898282517694	446898265155975
446898264673319	446898290734620	446898265159256
446898281428475	446898298951495	446898281881704
446898298079725	446898315384256	446898298507069
446898314770142	446898348252745	446898334497954
446898331450662	446898356470454	446898334596756
446898366825819	446898381118422	446898367555610
446898367028162	446898389335089	446898367601287
446898383764412	446898397551964	446898384186756
446898400402850	446898413984569	446898400795454
446898417086704	446898455067954	446898437619569
446898433765350	446898463286495	446898437693475
446898470798891	446898487933735	446898471401600
446898471021548	446898496150975	446898471411860
446898487673266	446898504368006	446898488376444
446898504376860	446898520801391	446898504755350
446898521098110	446898561887641	446898544810819
446898537751131	446898570103839	446898544838162
446898574556756	446898586539464	446898575172954
446898574717225	446898594758683	446898575220662
446898591516912	446898602976964	446898592037537
446898608124516	446898619411339	446898608536079
446898624790766	446898660499100	446898644263787
446898641485819	446898668716130	446898644281756
446898677758318	446898693366443	446898678192798
446898677935141	446898701583891	446898678198631
446898694658943	446898709801026	446898695037693
446898711323631	446898750882381	446898740036600
446898728080662	446898759099985	446898740045975
446898763869100	446898775532173	446898764504673
446898764103110	446898783748526	446898764570818
446898780818006	446898791963943	446898781209360
446898797445818	446898808397484	446898797860662
446898814119725	446898841264880	446898830401443
446898830804673	446898849481078	446898831221912
446898872375923	446898890563474	446898873042746
446898872602641	446898898780298	446898873056808
446898889274568	446898906998214	446898890283631
446898905998787	446898939864411	446898926900350
446898922724256	446898948081859	446898926975975
446898958024568	446898972731912	446898958540923
446898958248318	446898980947537	446898958549204
446898974965975	446898989164203	446898975363423
446898991607537	446899005598006	446898991984256
446899008369568	446899038465453	446899025679412
446899025037068	446899046683683	446899025754412
446899064700037	446899079554412	446899065264360
446899064935975	446899087772537	446899065270141
446899081612954	446899095989828	446899082004360
446899098348318	446899128854516	446899116022485
446899115065193	446899137071495	446899116050350
446899149032068	446899161721807	446899149549100
446899149214256	446899169938787	446899149553943
446899165993006	446899178156443	446899166414516
446899182621391	446899219239151	446899208574256
446899199363787	446899227457380	446899208594881
446899233202641	446899243890662	446899233724412
446899233430037	446899252106807	446899233732381
446899250111443	446899268541339	446899250508735
446899266797693	446899309632068	446899295563422
446899283579568	446899317849099	446899295620610
446899320611287	446899334284568	446899321142641
446899320953787	446899342502068	446899321149724
446899337559256	446899350721964	446899337939881
446899354230141	446899367158630	446899354607068
446899370922068	446899400024099	446899388358943
446899387550766	446899408240870	446899388383943
446899429786912	446899441107849	446899430321912
446899429953943	446899449326391	446899430333006
446899446698631	446899457543734	446899447093006
446899463363318	446899490411703	446899480046443
446899480178631	446899498629099	446899480346287
446899519052224	446899531496807	446899519669099
446899519223735	446899539713214	446899519726287
446899535909204	446899547929047	446899536375454
446899552603266	446899589009776	446899574058787
446899569308006	446899597227120	446899574132641
446899605646443	446899621882901	446899606211547
446899605833006	446899630100974	446899606217849
446899622587537	446899638319463	446899622862537
446899639219985	446899654756964	446899639589256
446899655901547	446899695846859	446899678088006
446899672553110	446899704065817	446899678131131
446899706473735	446899720501339	446899706895193
446899706632797	446899728718526	446899706934099
446899723384672	446899736935662	446899723807329
446899740128422	446899753370557	446899740436287
446899756795141	446899786238682	446899774696547
446899773489672	446899794454099	446899774708162

