# call tick seq S C-before G M A B P D; snapshot before C increment
1 41 10 6404704 0 0 1 0 112 0 0
2 44 35 6404704 1 0 1 0 112 0 112
3 45 53 6404704 2 0 1 0 112 0 112
4 46 71 6404704 3 0 1 0 112 0 112
5 47 89 6404704 4 0 1 0 112 0 112
6 48 107 6404704 5 0 1 0 112 0 112
7 49 125 6404704 6 0 1 0 112 0 112
8 50 143 6404704 7 0 1 0 112 0 112
9 51 161 6404704 8 0 1 0 112 0 112
10 52 179 6404704 9 0 1 0 112 0 112
11 53 197 6404704 10 0 1 0 112 0 112
12 54 215 6404704 11 0 1 0 112 0 112
13 55 233 6404704 12 0 1 0 112 0 112
14 56 251 6404704 13 0 1 0 112 0 112
15 57 269 6404704 14 0 1 0 112 0 112
16 58 287 6404704 15 0 1 0 112 0 112
17 59 305 6404704 16 0 1 0 112 0 112
18 60 323 6404704 17 0 1 0 112 0 112
19 61 341 6404704 18 0 1 0 112 0 112
20 62 359 6404704 19 0 1 0 112 0 112
21 63 377 6404704 20 0 1 0 112 0 112
22 64 395 6404704 21 0 1 0 112 0 112
23 65 413 6404704 22 0 1 0 112 0 112
24 66 431 6404704 23 0 1 0 112 0 112
25 67 449 6404704 24 0 1 0 112 0 112
26 68 467 6404704 25 0 1 0 112 0 112
27 69 485 6404704 26 0 1 0 112 0 112
28 70 503 6404704 27 0 1 0 112 0 112
29 71 521 6404704 28 0 1 0 112 0 112
30 72 539 6404704 29 0 1 0 112 0 112
31 73 557 6404704 30 0 1 0 112 0 112
32 74 575 6404704 31 0 1 0 112 0 112
33 75 593 6404704 32 0 1 0 112 0 112
34 76 611 6404704 33 0 1 0 112 0 112
35 77 629 6404704 34 0 1 0 112 0 112
36 78 647 6404704 35 0 1 0 112 0 112
37 79 665 6404704 36 0 1 0 112 0 112
38 80 683 6404704 37 0 1 0 112 0 112
39 81 701 6404704 38 0 1 0 112 0 112
40 82 719 6404704 39 0 1 0 112 0 112
41 83 737 6404704 40 0 1 0 112 0 112
42 84 755 6404704 41 0 1 0 112 0 112
43 85 773 6404704 42 0 1 0 112 0 112
44 86 791 6404704 43 0 1 0 112 0 112
45 87 809 6404704 44 0 1 0 112 0 112
46 88 827 6404704 45 0 1 0 112 0 112
47 89 845 6404704 46 0 1 0 112 0 112
48 90 863 6404704 47 0 1 0 112 0 112
49 91 881 6404704 48 0 1 0 112 0 112
50 92 899 6404704 49 0 1 0 112 0 112
51 93 917 6404704 50 0 1 0 112 0 112
52 94 935 6404704 51 0 1 0 112 0 112
53 95 953 6404704 52 0 1 0 112 0 112
54 96 1082 6404704 53 0 1 0 112 0 112
55 97 1100 6404704 54 0 1 0 112 0 112
56 98 1118 6404704 55 0 1 0 112 0 112
57 99 1136 6404704 56 0 1 0 112 0 112
58 100 1154 6404704 57 0 1 0 112 0 112
59 101 1172 6404704 58 0 1 0 112 0 112
60 102 1190 6404704 59 0 1 0 112 0 112
61 103 1208 6404704 60 0 1 0 112 0 112
62 104 1226 6404704 61 0 1 0 112 0 112
63 105 1244 6404704 62 0 1 0 112 0 112
64 106 1262 6404704 63 0 1 0 112 0 112
65 107 1280 6404704 64 0 1 0 112 0 112
66 108 1298 6404704 65 0 1 0 112 0 112
67 109 1316 6404704 66 0 1 0 112 0 112
68 110 1334 6404704 67 0 1 0 112 0 112
69 111 1352 6404704 68 0 1 0 112 0 112
70 112 1370 6404704 69 0 1 0 112 0 112
71 113 1388 6404704 70 0 1 0 112 0 112
72 114 1406 6404704 71 0 1 0 112 0 112
73 115 1424 6404704 72 0 1 0 112 0 112
74 116 1442 6404704 73 0 1 0 112 0 112
75 117 1460 6404704 74 0 1 0 112 0 112
76 118 1478 6404704 75 0 1 0 112 0 112
77 119 1549 6404704 76 0 1 0 112 0 112
78 120 1567 6404704 77 0 1 0 112 0 112
79 121 1585 6404704 78 0 1 0 112 0 112
80 122 1603 6404704 79 0 1 0 112 0 112
81 123 1621 6404704 80 0 1 0 112 0 112
82 124 1639 6404704 81 0 1 0 112 0 112
83 125 1657 6404704 82 0 1 0 112 0 112
84 126 1675 6404704 83 0 1 0 112 0 112
85 127 1693 6404704 84 0 1 0 112 0 112
86 128 1711 6404704 85 0 1 0 112 0 112
87 129 1729 6404704 86 0 1 0 112 0 112
88 130 1747 6404704 87 0 1 0 112 0 112
89 131 1765 6404704 88 0 1 0 112 0 112
90 132 1783 6404704 89 0 1 0 112 0 112
91 133 1801 6404704 90 0 1 0 112 0 112
92 134 1819 6404704 91 0 1 0 112 0 112
93 135 1837 6404704 92 0 1 0 112 0 112
94 136 1855 6404704 93 0 1 0 112 0 112
95 137 1873 6404704 94 0 1 0 112 0 112
96 138 1891 6404704 95 0 1 0 112 0 112
97 139 1909 6404704 96 0 1 0 112 0 112
98 140 1927 6404704 97 0 1 0 112 0 112
99 141 1945 6404704 98 0 1 0 112 0 112
100 142 1963 6404704 99 0 1 0 112 0 112
101 143 1981 6404704 100 0 1 0 112 0 112
102 144 1999 6404704 101 0 1 0 112 0 112
103 145 2017 6404704 102 0 1 0 112 0 112
104 146 2035 6404704 103 0 1 0 112 0 112
105 147 2053 6404704 104 0 1 0 112 0 112
106 148 2071 6404704 105 0 1 0 112 0 112
107 149 2089 6404704 106 0 1 0 112 0 112
108 150 2107 6404704 107 0 1 0 112 0 112
109 151 2125 6404704 108 0 1 0 112 0 112
110 152 2143 6404704 109 0 1 0 112 0 112
111 153 2161 6404704 110 0 1 0 112 0 112
112 154 2179 6404704 111 0 1 0 112 0 112
113 155 2197 6404704 112 0 1 0 112 0 112
114 156 2215 6404704 113 0 1 0 112 0 112
115 157 2233 6404704 114 0 1 0 112 0 112
116 158 2251 6404704 115 0 1 0 112 0 112
117 159 2269 6404704 116 0 1 0 112 0 112
118 160 2287 6404704 117 0 1 0 112 0 112
119 161 2305 6404704 118 0 1 0 112 0 112
120 162 2323 6404704 119 0 1 0 112 0 112
121 163 2341 6404704 120 0 1 0 112 0 112
122 164 2359 6404704 121 0 1 0 112 0 112
123 165 2377 6404704 122 0 1 0 112 0 112
124 166 2395 6404704 123 0 1 0 112 0 112
125 167 2413 6404704 124 0 1 0 112 0 112
126 168 2431 6404704 125 0 1 0 112 0 112
127 169 2449 6404704 126 0 1 0 112 0 112
128 170 2467 6404704 127 0 1 0 112 0 112
129 171 2485 6404704 128 0 1 0 112 0 112
130 172 2503 6404704 129 0 1 0 112 0 112
131 173 2521 6404704 130 0 1 0 112 0 112
132 174 2539 6404704 131 0 1 0 112 0 112
133 175 2557 6404704 132 0 1 0 112 0 112
134 176 2575 6404704 133 0 1 0 112 0 112
135 177 2593 6404704 134 0 1 0 112 0 112
136 178 2611 6404704 135 0 1 0 112 0 112
137 179 2629 6404704 136 0 1 0 112 0 112
138 180 2647 6404704 137 0 1 0 112 0 112
139 181 2665 6404704 138 0 1 0 112 0 112
140 182 2683 6404704 139 0 1 0 112 0 112
141 183 2701 6404704 140 0 1 0 112 0 112
142 184 2719 6404704 141 0 1 0 112 0 112
143 185 2737 6404704 142 0 1 0 112 0 112
144 186 2755 6404704 143 0 1 0 112 0 112
145 187 2773 6404704 144 0 1 0 112 0 112
146 188 2791 6404704 145 0 1 0 112 0 112
147 189 2809 6404704 146 0 1 0 112 0 112
148 190 2827 6404704 147 0 1 0 112 0 112
149 191 2845 6404704 148 0 1 0 112 0 112
150 192 2863 6404704 149 0 1 0 112 0 112
151 193 2881 6404704 150 0 1 0 112 0 112
152 194 2899 6404704 151 0 1 0 112 0 112
153 195 2917 6404704 152 0 1 0 112 0 112
154 196 2935 6404704 153 0 1 0 112 0 112
155 197 2953 6404704 154 0 1 0 112 0 112
156 198 2971 6404704 155 0 1 0 112 0 112
157 199 2989 6404704 156 0 1 0 112 0 112
158 200 3007 6404704 157 0 1 0 112 0 112
159 201 3025 6404704 158 0 1 0 112 0 112
160 202 3043 6404704 159 0 1 0 112 0 112
161 203 3061 6404704 160 0 1 0 112 0 112
162 204 3079 6404704 161 0 1 0 112 0 112
163 205 3097 6404704 162 0 1 0 112 0 112
164 206 3115 6404704 163 0 1 0 112 0 112
165 207 3133 6404704 164 0 1 0 112 0 112
166 208 3151 6404704 165 0 1 0 112 0 112
167 209 3169 6404704 166 0 1 0 112 0 112
168 210 3187 6404704 167 0 1 0 112 0 112
169 211 3205 6404704 168 0 1 0 112 0 112
170 212 3223 6404704 169 0 1 0 112 0 112
171 213 3241 6404704 170 0 1 0 112 0 112
172 214 3259 6404704 171 0 1 0 112 0 112
173 215 3277 6404704 172 0 1 0 112 0 112
174 216 3295 6404704 173 0 1 0 112 0 112
175 217 3313 6404704 174 0 1 0 112 0 112
176 218 3331 6404704 175 0 1 0 112 0 112
177 219 3349 6404704 176 0 1 0 112 0 112
178 220 3367 6404704 177 0 1 0 112 0 112
179 221 3385 6404704 178 0 1 0 112 0 112
180 222 3403 6404704 179 0 1 0 112 0 112
181 223 3421 6404704 180 0 1 0 112 0 112
182 224 3439 6404704 181 0 1 0 112 0 112
183 225 3457 6404704 182 0 1 0 112 0 112
184 226 3475 6404704 183 0 1 0 112 0 112
185 227 3493 6404704 184 0 1 0 112 0 112
186 228 3511 6404704 185 0 1 0 112 0 112
187 229 3529 6404704 186 0 1 0 112 0 112
188 230 3547 6404704 187 0 1 0 112 0 112
189 231 3565 6404704 188 0 1 0 112 0 112
190 232 3583 6404704 189 0 1 0 112 0 112
191 233 3601 6404704 190 0 1 0 112 0 112
192 234 3619 6404704 191 0 1 0 112 0 112
193 235 3637 6404704 192 0 1 0 112 0 112
194 236 3655 6404704 193 0 1 0 112 0 112
195 237 3673 6404704 194 0 1 0 112 0 112
196 238 3691 6404704 195 0 1 0 112 0 112
197 239 3709 6404704 196 0 1 0 112 0 112
198 240 3727 6404704 197 0 1 0 112 0 112
199 241 3745 6404704 198 0 1 0 112 0 112
200 242 3763 6404704 199 0 1 0 112 0 112
201 243 3781 6404704 200 0 1 0 112 0 112
202 244 3799 6404704 201 0 1 0 112 0 112
203 245 3817 6404704 202 0 1 0 112 0 112
204 246 3835 6404704 203 0 1 0 112 0 112
205 247 3853 6404704 204 0 1 0 112 0 112
206 248 3871 6404704 205 0 1 0 112 0 112
207 249 3889 6404704 206 0 1 0 112 0 112
208 250 3907 6404704 207 0 1 0 112 0 112
209 251 3925 6404704 208 0 1 0 112 0 112
210 252 3943 6404704 209 0 1 0 112 0 112
211 253 3961 6404704 210 0 1 0 112 0 112
212 254 3979 6404704 211 0 1 0 112 0 112
213 255 3997 6404704 212 0 1 0 112 0 112
214 256 4015 6404704 213 0 1 0 112 0 112
215 257 4033 6404704 214 0 1 0 112 0 112
216 258 4051 6404704 215 0 1 0 112 0 112
217 259 4069 6404704 216 0 1 0 112 0 112
218 260 4087 6404704 217 0 1 0 112 0 112
219 261 4105 6404704 218 0 1 0 112 0 112
220 262 4123 6404704 219 0 1 0 112 0 112
221 263 4141 6404704 220 0 1 0 112 0 112
222 264 4159 6404704 221 0 1 0 112 0 112
223 265 4177 6404704 222 0 1 0 112 0 112
224 266 4195 6404704 223 0 1 0 112 0 112
225 267 4213 6404704 224 0 1 0 112 0 112
226 268 4231 6404704 225 0 1 0 112 0 112
227 269 4249 6404704 226 0 1 0 112 0 112
228 270 4267 6404704 227 0 1 0 112 0 112
229 271 4285 6404704 228 0 1 0 112 0 112
230 272 4303 6404704 229 0 1 0 112 0 112
231 273 4321 6404704 230 0 1 0 112 0 112
232 274 4339 6404704 231 0 1 0 112 0 112
233 275 4357 6404704 232 0 1 0 112 0 112
234 276 4375 6404704 233 0 1 0 112 0 112
235 277 4393 6404704 234 0 1 0 112 0 112
236 278 4411 6404704 235 0 1 0 112 0 112
237 279 4429 6404704 236 0 1 0 112 0 112
238 280 4447 6404704 237 0 1 0 112 0 112
239 281 4465 6404704 238 0 1 0 112 0 112
240 282 4483 6404704 239 0 1 0 112 0 112
241 283 4501 6404704 240 0 1 0 112 0 112
242 284 4519 6404704 241 0 1 0 112 0 112
243 285 4537 6404704 242 0 1 0 112 0 112
244 286 4555 6404704 243 0 1 0 112 0 112
245 287 4573 6404704 244 0 1 0 112 0 112
246 288 4591 6404704 245 0 1 0 112 0 112
247 289 4609 6404704 246 0 1 0 112 0 112
248 290 4627 6404704 247 0 1 0 112 0 112
249 291 4645 6404704 248 0 1 0 112 0 112
250 292 4663 6404704 249 0 1 0 112 0 112
251 293 4681 6404704 250 0 1 0 112 0 112
252 294 4699 6404704 251 0 1 0 112 0 112
253 295 4717 6404704 252 0 1 0 112 0 112
254 296 4735 6404704 253 0 1 0 112 0 112
255 297 4753 6404704 254 0 1 0 112 0 112
256 298 4771 6404704 255 0 1 0 112 0 112
257 299 4789 6404704 256 0 1 0 112 0 112
258 300 4807 6404704 257 0 1 0 112 0 112
259 301 4825 6404704 258 0 1 0 112 0 112
260 302 4843 6404704 259 0 1 0 112 0 112
261 303 4861 6404704 260 0 1 0 112 0 112
262 304 4879 6404704 261 0 1 0 112 0 112
263 305 4897 6404704 262 0 1 0 112 0 112
264 306 4915 6404704 263 0 1 0 112 0 112
265 307 4933 6404704 264 0 1 0 112 0 112
266 308 4951 6404704 265 0 1 0 112 0 112
267 309 4969 6404704 266 0 1 0 112 0 112
268 310 4987 6404704 267 0 1 0 112 0 112
269 311 5005 6404704 268 0 1 0 112 0 112
270 312 5023 6404704 269 0 1 0 112 0 112
271 313 5041 6404704 270 0 1 0 112 0 112
272 314 5059 6404704 271 0 1 0 112 0 112
273 315 5077 6404704 272 0 1 0 112 0 112
274 316 5095 6404704 273 0 1 0 112 0 112
275 317 5113 6404704 274 0 1 0 112 0 112
276 318 5131 6404704 275 0 1 0 112 0 112
277 319 5149 6404704 276 0 1 0 112 0 112
278 320 5167 6404704 277 0 1 0 112 0 112
279 321 5185 6404704 278 0 1 0 112 0 112
280 322 5203 6404704 279 0 1 0 112 0 112
281 323 5221 6404704 280 0 1 0 112 0 112
282 324 5239 6404704 281 0 1 0 112 0 112
283 325 5257 6404704 282 0 1 0 112 0 112
284 326 5275 6404704 283 0 1 0 112 0 112
285 327 5293 6404704 284 0 1 0 112 0 112
286 328 5311 6404704 285 0 1 0 112 0 112
287 329 5329 6404704 286 0 1 0 112 0 112
288 330 5347 6404704 287 0 1 0 112 0 112
289 331 5365 6404704 288 0 1 0 112 0 112
290 332 5383 6404704 289 0 1 0 112 0 112
291 333 5401 6404704 290 0 1 0 112 0 112
292 334 5419 6404704 291 0 1 0 112 0 112
293 335 5437 6404704 292 0 1 0 112 0 112
294 336 5455 6404704 293 0 1 0 112 0 112
295 337 5473 6404704 294 0 1 0 112 0 112
296 338 5491 6404704 295 0 1 0 112 0 112
297 339 5509 6404704 296 0 1 0 112 0 112
298 340 5527 6404704 297 0 1 0 112 0 112
299 341 5545 6404704 298 0 1 0 112 0 112
300 342 5563 6404704 299 0 1 0 112 0 112
301 343 5581 6404704 300 0 1 0 112 0 112
302 344 5599 6404704 301 0 1 0 112 0 112
303 345 5617 6404704 302 0 1 0 112 0 112
304 346 5635 6404704 303 0 1 0 112 0 112
305 347 5653 6404704 304 0 1 0 112 0 112
306 348 5671 6404704 305 0 1 0 112 0 112
307 349 5689 6404704 306 0 1 0 112 0 112
308 350 5707 6404704 307 0 1 0 112 0 112
309 351 5725 6404704 308 0 1 0 112 0 112
310 352 5743 6404704 309 0 1 0 112 0 112
311 353 5761 6404704 310 0 1 0 112 0 112
312 354 5779 6404704 311 0 1 0 112 0 112
313 355 5797 6404704 312 0 1 0 112 0 112
314 356 5815 6404704 313 0 1 0 112 0 112
315 357 5833 6404704 314 0 1 0 112 0 112
316 358 5851 6404704 315 0 1 0 112 0 112
317 359 5869 6404704 316 0 1 0 112 0 112
318 360 5887 6404704 317 0 1 0 112 0 112
319 361 5905 6404704 318 0 1 0 112 0 112
320 362 5923 6404704 319 0 1 0 112 0 112
321 363 5941 6404704 320 0 1 0 112 0 112
322 364 5959 6404704 321 0 1 0 112 0 112
323 365 5977 6404704 322 0 1 0 112 0 112
324 366 5995 6404704 323 0 1 0 112 0 112
325 367 6013 6404704 324 0 1 0 112 0 112
326 368 6031 6404704 325 0 1 0 112 0 112
327 369 6049 6404704 326 0 1 0 112 0 112
328 370 6067 6404704 327 0 1 0 112 0 112
329 371 6085 6404704 328 0 1 0 112 0 112
330 372 6103 6404704 329 0 1 0 112 0 112
331 373 6121 6404704 330 0 1 0 112 0 112
332 374 6139 6404704 331 0 1 0 112 0 112
333 375 6157 6404704 332 0 1 0 112 0 112
334 376 6175 6404704 333 0 1 0 112 0 112
335 377 6193 6404704 334 0 1 0 112 0 112
336 378 6211 6404704 335 0 1 0 112 0 112
337 379 6229 6404704 336 0 1 0 112 0 112
338 380 6247 6404704 337 0 1 0 112 0 112
339 381 6265 6404704 338 0 1 0 112 0 112
340 382 6283 6404704 339 0 1 0 112 0 112
341 383 6301 6404704 340 0 1 0 112 0 112
342 384 6319 6404704 341 0 1 0 112 0 112
343 385 6337 6404704 342 0 1 0 112 0 112
344 386 6355 6404704 343 0 1 0 112 0 112
345 387 6373 6404704 344 0 1 0 112 0 112
346 388 6391 6404704 345 0 1 0 112 0 112
347 389 6409 6404704 346 0 1 0 112 0 112
348 390 6427 6404704 347 0 1 0 112 0 112
349 391 6445 6404704 348 0 1 0 112 0 112
350 392 6463 6404704 349 0 1 0 112 0 112
351 393 6481 6404704 350 0 1 0 112 0 112
352 394 6499 6404704 351 0 1 0 112 0 112
353 395 6517 6404704 352 0 1 0 112 0 112
354 396 6535 6404704 353 0 1 0 112 0 112
355 397 6553 6404704 354 0 1 0 112 0 112
356 398 6571 6404704 355 0 1 0 112 0 112
357 399 6589 6404704 356 0 1 0 112 0 112
358 400 6607 6404704 357 0 1 0 112 0 112
359 401 6625 6404704 358 0 1 0 112 0 112
360 402 6643 6404704 359 0 1 0 112 0 112
361 403 6661 6404704 360 0 1 0 112 0 112
362 404 6679 6404704 361 0 1 0 112 0 112
363 405 6697 6404704 362 0 1 0 112 0 112
364 406 6715 6404704 363 0 1 0 112 0 112
365 407 6733 6404704 364 0 1 0 112 0 112
366 408 6751 6404704 365 0 1 0 112 0 112
367 409 6769 6404704 366 0 1 0 112 0 112
368 410 6787 6404704 367 0 1 0 112 0 112
369 411 6805 6404704 368 0 1 0 112 0 112
370 412 6823 6404704 369 0 1 0 112 0 112
371 413 6841 6404704 370 0 1 0 112 0 112
372 414 6859 6404704 371 0 1 0 112 0 112
373 415 6877 6404704 372 0 1 0 112 0 112
374 416 6895 6404704 373 0 1 0 112 0 112
375 417 6913 6404704 374 0 1 0 112 0 112
376 418 6931 6404704 375 0 1 0 112 0 112
377 419 6949 6404704 376 0 1 0 112 0 112
378 420 6967 6404704 377 0 1 0 112 0 112
379 421 6985 6404704 378 0 1 0 112 0 112
380 422 7003 6404704 379 0 1 0 112 0 112
381 423 7021 6404704 380 0 1 0 112 0 112
382 424 7039 6404704 381 0 1 0 112 0 112
383 425 7057 6404704 382 0 1 0 112 0 112
384 426 7075 6404704 383 0 1 0 112 0 112
385 427 7093 6404704 384 0 1 0 112 0 112
386 428 7111 6404704 385 0 1 0 112 0 112
387 429 7129 6404704 386 0 1 0 112 0 112
388 430 7147 6404704 387 0 1 0 112 0 112
389 431 7165 6404704 388 0 1 0 112 0 112
390 432 7183 6404704 389 0 1 0 112 0 112
391 433 7201 6404704 390 0 1 0 112 0 112
392 434 7219 6404704 391 0 1 0 112 0 112
393 435 7237 6404704 392 0 1 0 112 0 112
394 436 7255 6404704 393 0 1 0 112 0 112
395 437 7273 6404704 394 0 1 0 112 0 112
396 438 7291 6404704 395 0 1 0 112 0 112
397 439 7309 6404704 396 0 1 0 112 0 112
398 440 7327 6404704 397 0 1 0 112 0 112
399 441 7345 6404704 398 0 1 0 112 0 112
400 442 7363 6404704 399 0 1 0 112 0 112
401 443 7381 6404704 400 0 1 0 112 0 112
402 444 7399 6404704 401 0 1 0 112 0 112
403 445 7417 6404704 402 0 1 0 112 0 112
404 446 7435 6404704 403 0 1 0 112 0 112
405 447 7453 6404704 404 0 1 0 112 0 112
406 448 7471 6404704 405 0 1 0 112 0 112
407 449 7489 6404704 406 0 1 0 112 0 112
408 450 7507 6404704 407 0 1 0 112 0 112
409 451 7525 6404704 408 0 1 0 112 0 112
410 452 7543 6404704 409 0 1 0 112 0 112
411 453 7561 6404704 410 0 1 0 112 0 112
412 454 7579 6404704 411 0 1 0 112 0 112
413 455 7597 6404704 412 0 1 0 112 0 112
414 456 7615 6404704 413 0 1 0 112 0 112
415 457 7633 6404704 414 0 1 0 112 0 112
416 458 7651 6404704 415 0 1 0 112 0 112
417 459 7669 6404704 416 0 1 0 112 0 112
418 460 7687 6404704 417 0 1 0 112 0 112
419 461 7705 6404704 418 0 1 0 112 0 112
420 462 7723 6404704 419 0 1 0 112 0 112
421 463 7741 6404704 420 0 1 0 112 0 112
422 464 7759 6404704 421 0 1 0 112 0 112
423 465 7777 6404704 422 0 1 0 112 0 112
424 466 7795 6404704 423 0 1 0 112 0 112
425 467 7813 6404704 424 0 1 0 112 0 112
426 468 7831 6404704 425 0 1 0 112 0 112
427 469 7849 6404704 426 0 1 0 112 0 112
428 470 7867 6404704 427 0 1 0 112 0 112
429 471 7885 6404704 428 0 1 0 112 0 112
430 472 7903 6404704 429 0 1 0 112 0 112
431 473 7921 6404704 430 0 1 0 112 0 112
432 474 7939 6404704 431 0 1 0 112 0 112
433 475 7957 6404704 432 0 1 0 112 0 112
434 476 7975 6404704 433 0 1 0 112 0 112
435 477 7993 6404704 434 0 1 0 112 0 112
436 478 8011 6404704 435 0 1 0 112 0 112
437 479 8029 6404704 436 0 1 0 112 0 112
438 480 8047 6404704 437 0 1 0 112 0 112
439 481 8065 6404704 438 0 1 0 112 0 112
440 482 8083 6404704 439 0 1 0 112 0 112
441 483 8101 6404704 440 0 1 0 112 0 112
442 484 8119 6404704 441 0 1 0 112 0 112
443 485 8137 6404704 442 0 1 0 112 0 112
444 486 8155 6404704 443 0 1 0 112 0 112
445 487 8173 6404704 444 0 1 0 112 0 112
446 488 8191 6404704 445 0 1 0 112 0 112
447 489 8209 6404704 446 0 1 0 112 0 112
448 490 8227 6404704 447 0 1 0 112 0 112
449 491 8245 6404704 448 0 1 0 112 0 112
450 492 8263 6404704 449 0 1 0 112 0 112
451 493 8281 6404704 450 0 1 0 112 0 112
452 494 8299 6404704 451 0 1 0 112 0 112
453 495 8317 6404704 452 0 1 0 112 0 112
454 496 8335 6404704 453 0 1 0 112 0 112
455 497 8353 6404704 454 0 1 0 112 0 112
456 498 8371 6404704 455 0 1 0 112 0 112
457 499 8389 6404704 456 0 1 0 112 0 112
458 500 8407 6404704 457 0 1 0 112 0 112
459 501 8425 6404704 458 0 1 0 112 0 112
460 502 8443 6404704 459 0 1 0 112 0 112
461 503 8461 6404704 460 0 1 0 112 0 112
462 504 8479 6404704 461 0 1 0 112 0 112
463 505 8497 6404704 462 0 1 0 112 0 112
464 506 8515 6404704 463 0 1 0 112 0 112
465 507 8533 6404704 464 0 1 0 112 0 112
466 508 8551 6404704 465 0 1 0 112 0 112
467 509 8569 6404704 466 0 1 0 112 0 112
468 510 8587 6404704 467 0 1 0 112 0 112
469 511 8605 6404704 468 0 1 0 112 0 112
470 512 8623 6404704 469 0 1 0 112 0 112
471 513 8641 6404704 470 0 1 0 112 0 112
472 514 8659 6404704 471 0 1 0 112 0 112
473 515 8677 6404704 472 0 1 0 112 0 112
474 516 8695 6404704 473 0 1 0 112 0 112
475 517 8713 6404704 474 0 1 0 112 0 112
476 518 8731 6404704 475 0 1 0 112 0 112
477 519 8749 6404704 476 0 1 0 112 0 112
478 520 8767 6404704 477 0 1 0 112 0 112
479 521 8785 6404704 478 0 1 0 112 0 112
480 522 8803 6404704 479 0 1 0 112 0 112
481 523 8821 6404704 480 0 1 0 112 0 112
482 524 8839 6404704 481 0 1 0 112 0 112
483 525 8857 6404704 482 0 1 0 112 0 112
484 526 8875 6404704 483 0 1 0 112 0 112
485 527 8893 6404704 484 0 1 0 112 0 112
486 528 8911 6404704 485 0 1 0 112 0 112
487 529 8929 6404704 486 0 1 0 112 0 112
488 530 8947 6404704 487 0 1 0 112 0 112
489 531 8965 6404704 488 0 1 0 112 0 112
490 532 8983 6404704 489 0 1 0 112 0 112
491 533 9001 6404704 490 0 1 0 112 0 112
492 534 9019 6404704 491 0 1 0 112 0 112
493 535 9037 6404704 492 0 1 0 112 0 112
494 536 9055 6404704 493 0 1 0 112 0 112
495 537 9073 6404704 494 0 1 0 112 0 112
496 538 9091 6404704 495 0 1 0 112 0 112
497 539 9109 6404704 496 0 1 0 112 0 112
498 540 9127 6404704 497 0 1 0 112 0 112
499 541 9145 6404704 498 0 1 0 112 0 112
500 542 9163 6404704 499 0 1 0 112 0 112
501 543 9181 6404704 500 0 1 0 112 0 112
502 544 9199 6404704 501 0 1 0 112 0 112
503 545 9217 6404704 502 0 1 0 112 0 112
504 546 9235 6404704 503 0 1 0 112 0 112
505 547 9253 6404704 504 0 1 0 112 0 112
506 548 9271 6404704 505 0 1 0 112 0 112
507 549 9289 6404704 506 0 1 0 112 0 112
508 550 9307 6404704 507 0 1 0 112 0 112
509 551 9325 6404704 508 0 1 0 112 0 112
510 552 9343 6404704 509 0 1 0 112 0 112
511 553 9361 6404704 510 0 1 0 112 0 112
512 554 9379 6404704 511 0 1 0 112 0 112
513 555 9397 6404704 512 0 1 0 112 0 112
514 556 9415 6404704 513 0 1 0 112 0 112
515 557 9433 6404704 514 0 1 0 112 0 112
516 558 9451 6404704 515 0 1 0 112 0 112
517 559 9469 6404704 516 0 1 0 112 0 112
518 560 9487 6404704 517 0 1 0 112 0 112
519 561 9505 6404704 518 0 1 0 112 0 112
520 562 9523 6404704 519 0 1 0 112 0 112
521 563 9541 6404704 520 0 1 0 112 0 112
522 564 9559 6404704 521 0 1 0 112 0 112
523 565 9577 6404704 522 0 1 0 112 0 112
524 566 9595 6404704 523 0 1 0 112 0 112
525 567 9613 6404704 524 0 1 0 112 0 112
526 568 9631 6404704 525 0 1 0 112 0 112
527 569 9649 6404704 526 0 1 0 112 0 112
528 570 9667 6404704 527 0 1 0 112 0 112
529 571 9685 6404704 528 0 1 0 112 0 112
530 572 9703 6404704 529 0 1 0 112 0 112
531 573 9721 6404704 530 0 1 0 112 0 112
532 574 9739 6404704 531 0 1 0 112 0 112
533 575 9757 6404704 532 0 1 0 112 0 112
534 576 9775 6404704 533 0 1 0 112 0 112
535 577 9793 6404704 534 0 1 0 112 0 112
536 578 9811 6404704 535 0 1 0 112 0 112
537 579 9829 6404704 536 0 1 0 112 0 112
538 580 9847 6404704 537 0 1 0 112 0 112
539 581 9865 6404704 538 0 1 0 112 0 112
540 582 9883 6404704 539 0 1 0 112 0 112
541 583 9901 6404704 540 0 1 0 112 0 112
542 584 9919 6404704 541 0 1 0 112 0 112
543 585 9937 6404704 542 0 1 0 112 0 112
544 586 9955 6404704 543 0 1 0 112 0 112
545 587 9973 6404704 544 0 1 0 112 0 112
546 588 9991 6404704 545 0 1 0 112 0 112
547 589 10009 6404704 546 0 1 0 112 0 112
548 590 10027 6404704 547 0 1 0 112 0 112
549 591 10045 6404704 548 0 1 0 112 0 112
550 592 10063 6404704 549 0 1 0 112 0 112
551 593 10081 6404704 550 0 1 0 112 0 112
552 594 10099 6404704 551 0 1 0 112 0 112
553 595 10117 6404704 552 0 1 0 112 0 112
554 596 10135 6404704 553 0 1 0 112 0 112
555 597 10153 6404704 554 0 1 0 112 0 112
556 598 10171 6404704 555 0 1 0 112 0 112
557 599 10189 6404704 556 0 1 0 112 0 112
558 600 10235 6404704 557 0 1 0 112 0 112
559 601 10281 6404704 558 0 1 0 112 0 112
560 602 10327 6404704 559 0 1 0 112 0 112
561 603 10373 6404704 560 0 1 0 112 0 112
# E7 BURST SERIES TAIL COMPLETE
